N indicates the RSA integer, Dim indicates the smooth bound of |u-vN|

The first element in the list represents the value of u, the second is the value of v,the third is the value of |u-vn |, and the fourth is the value of u-vn

N = 130702184608413767897, Dim = 968
[3790375250713126789987, 29, 11897069127520974, 11897069127520974]
[8757605769315872567658, 67, 559400552150118559, 559400552150118559]
[1097639754180416079268138139, 8398297, 36010709871442419933270, -36010709871442419933270]
[254261597093494923616131971, 1945349, 232967701808651470918, 232967701808651470918]
[3256075625694520319396191415, 24880481, 4142404886389127096472958, 4142404886389127096472958]
[392040879436841542369, 3, 65674388399761322, -65674388399761322]
[130679819304316896317, 1, 22365304096871580, -22365304096871580]
[130705409404667118582, 1, 3224796253350685, 3224796253350685]
[1703705036969515748023, 13, 4576637060136765362, 4576637060136765362]
[153595938200992779154481, 1175, 20871286106601875506, 20871286106601875506]
[214753962683715862647877, 1643, 10273372092041993106, 10273372092041993106]
[10324662960708164059703, 79, 809623356523604160, -809623356523604160]
[3006226143389178771726, 23, 75897395662110095, 75897395662110095]
[1176546937596834114067, 9, 227276121110202994, 227276121110202994]
[51647946090620032062327, 395, 20583170296593743012, 20583170296593743012]
[3528858810412676961562, 27, 100174014494771657, -100174014494771657]
[1436805841756376263685092727, 10993995, 133322317601658505685788, -133322317601658505685788]
[130685005853369734221, 1, 17178755044033676, -17178755044033676]
[1437561408272949152991, 11, 162622419602293876, -162622419602293876]
[784188671618391328387, 6, 24436032091278995, -24436032091278995]
[392135650540904469758, 3, 29096715663166067, 29096715663166067]
[1568138916537924451127, 12, 287298763040763637, -287298763040763637]
[1175429867877632623161685, 8993, 25121694167608463964, 25121694167608463964]
[39079878223758599357323, 299, 74974157117243880, -74974157117243880]
[130341694299921713819, 1, 360490308492054078, -360490308492054078]
[130743635111959690667, 1, 41450503545922770, 41450503545922770]
[6916037519108874232126, 53, 11178265137055466415, -11178265137055466415]
[105093499869888620920163, 804, 8943444723951530975, 8943444723951530975]
[914160217244131378859, 7, 755075014764996420, -755075014764996420]
[130895579698383540854, 1, 193395089969772957, 193395089969772957]
[438973553082054928134989, 3358, 75617167001495536863, 75617167001495536863]
[261432758842134657283, 2, 28389625307121489, 28389625307121489]
[2702594701061808949312829, 20677, 65629913637470506560, 65629913637470506560]
[130709937741934788608, 1, 7753133521020711, 7753133521020711]
[130729746105709750272, 1, 27561497295982375, 27561497295982375]
[9543901537565269015232, 73, 2642061151063958751, 2642061151063958751]
[2483392060358631373224, 19, 50552798769783181, 50552798769783181]
[3007125260301395694435, 23, 975014307879032804, 975014307879032804]
[1437869638476044921875, 11, 145607783493475008, 145607783493475008]
[138250089305515273903245, 1058, 32822010186492531781, -32822010186492531781]
[384801966315183869577567, 2944, 14734828013736888799, 14734828013736888799]
[41702555951066070927353, 319, 8559060982078968210, 8559060982078968210]
[130626584313117578125, 1, 75600295296189772, -75600295296189772]
[130792175997325859375, 1, 89991388912091478, 89991388912091478]
[130702959701255372211, 1, 775092841604314, 775092841604314]
[144683433134534598071875, 1107, 3885226979442990104, -3885226979442990104]
[11893871018965869140625, 91, 27780399783738002, -27780399783738002]
[130703093681597740875, 1, 909073183972978, 909073183972978]
[35159937458632631632311103, 269001, 919096784719654250206, 919096784719654250206]
[875575581080509100515763, 6699, 1646388745269373760, 1646388745269373760]
[69141710092704566738577, 529, 254434853683521064, 254434853683521064]
[10326355408822645999248, 79, 882824757958335385, 882824757958335385]
[130697607000501031920, 1, 4577607912735977, -4577607912735977]
[914936608121531798088, 7, 21315862635422809, 21315862635422809]
[68885774296580633749500, 527, 5723007946578067781, 5723007946578067781]
[914951193889346124849, 7, 35901630449749570, 35901630449749570]
[719400374157870754130925, 5504, 15550073161375625837, 15550073161375625837]
[130701129774935328000, 1, 1054833478439897, -1054833478439897]
[4052089635459388383675, 31, 321912598561578868, 321912598561578868]
[1007026915270004161970409, 7705, 33417137823919675976, -33417137823919675976]
[137760008696420217698283, 1054, 93880847893665155, -93880847893665155]
[111227057934911709138943, 851, 501166848407341404, -501166848407341404]
[69662626429001066486145, 533, 1637967283471802956, -1637967283471802956]
[55809458530038541722083, 427, 374297754137169936, -374297754137169936]
[130676946197509765625, 1, 25238410904002272, -25238410904002272]
[130700676457605983157, 1, 1508150807784740, -1508150807784740]
[4570519958386407815444707, 34969, 4735185213234145486, -4735185213234145486]
[1699056064935444441875, 13, 72334973934540786, -72334973934540786]
[130701739752197265625, 1, 444856216502272, -444856216502272]
[47183423971434256290625, 361, 64672203113920192, -64672203113920192]
[48457004129886627197265625, 370747, 438707128952009243434, -438707128952009243434]
[7711486187628624737875, 59, 57295732212431952, 57295732212431952]
[130705073299775390625, 1, 2888691361622728, 2888691361622728]
[708891216713687211217131, 5423, 93269582259347911700, 93269582259347911700]
[5751517190290440992145, 44, 621067520235204677, 621067520235204677]
[2095312322527708533037239, 16031, 25601070227419880432, 25601070227419880432]
[130626888175910501804, 1, 75296432503266093, -75296432503266093]
[2482769734537846571345, 19, 571773022015018698, -571773022015018698]
[2091061855539412013687, 16, 173098195208272665, -173098195208272665]
[5257018416121898448925760, 40223, 215555382328537195271, -215555382328537195271]
[130699016172632909045, 1, 3168435780858852, -3168435780858852]
[130701470426593781286, 1, 714181819986611, -714181819986611]
[92686049272378179499730239, 709142, 359325201576694284135, -359325201576694284135]
[5097472343706098264975, 39, 87143977961316992, 87143977961316992]
[130700165246352353795, 1, 2019362061414102, -2019362061414102]
[3793820864973429597923, 29, 3457511329430328910, 3457511329430328910]
[5359798439913503967271, 41, 1008870968539483494, 1008870968539483494]
[130712973378036849030, 1, 10788769623081133, 10788769623081133]
[1059415429539236056045921, 8107, 187181081174360295058, -187181081174360295058]
[127555999020689782797891, 976, 9333157122054669581, -9333157122054669581]
[3790592946755086896853, 29, 229593111087627840, 229593111087627840]
[124712584474732908630769441, 954193, 2525163323249800172680, -2525163323249800172680]
[5358700940535404401357, 41, 88628409560082420, -88628409560082420]
[2528170602128520211877773, 19343, 1754752027300553898, -1754752027300553898]
[1210321304876476339809821110, 9260657, 66795932722878761907219, -66795932722878761907219]
[168863175603827367036143, 1292, 4046910243221086781, -4046910243221086781]
[1699181279397984033645, 13, 52879488605050984, 52879488605050984]
[130800443522741206577, 1, 98258914327438680, 98258914327438680]
[1437899676092712780193, 11, 175645400161333326, 175645400161333326]
[130711503874019401707, 1, 9319265605633810, 9319265605633810]
[130698428162798190266, 1, 3756445615577631, -3756445615577631]
[4650740688765145451308918675, 35582547, 24061933585959666825016, 24061933585959666825016]
[125592420684651859720327, 961, 12378724033771228690, -12378724033771228690]
[9541245338054837497143, 73, 14138359367559338, -14138359367559338]
[5620031089786459169811, 43, 162848375332849760, -162848375332849760]
[3398046424150190945787, 26, 210375668567019535, -210375668567019535]
[40151535284171985748558982, 307211, 1613551563416300846285, -1613551563416300846285]
[261405868273053926851, 2, 1499056226391057, 1499056226391057]
[382037226376108378275772, 2923, 5259234285065287159, -5259234285065287159]
[2483746487502074469323, 19, 404979942212879280, 404979942212879280]
[130713896297203274891, 1, 11711688789506994, 11711688789506994]
[130731444685905594993, 1, 29260077491827096, 29260077491827096]
[3006154124668420073469, 23, 3878674903411838, 3878674903411838]
[8758601078190748916967, 67, 1554709427026467868, 1554709427026467868]
[130702902779574130005, 1, 718171160362108, 718171160362108]
[2483350190903548650411, 19, 8683343687060368, 8683343687060368]
[4574495747944617350049, 35, 80713349864526346, -80713349864526346]
[4443773940415135018121, 34, 100336270933090377, -100336270933090377]
[169650852367411511855551, 1298, 583254309558874755, -583254309558874755]
[130699261341356061853, 1, 2923267057706044, -2923267057706044]
[261466907469885521875, 2, 62538253057986081, 62538253057986081]
[130695048283272854953, 1, 7136325140912944, -7136325140912944]
[392059966022772420625, 3, 46587802468883066, -46587802468883066]
[28890328275093768847875, 221, 5145476634326142638, 5145476634326142638]
[130703773701814508349, 1, 1589093400740452, 1589093400740452]
[27055191817216319630335, 207, 160396725330324344, -160396725330324344]
[23922447589222688211154, 183, 3947805882968686003, 3947805882968686003]
[1243501084409855611397747, 9514, 500045407023625689, 500045407023625689]
[7972766130564016249663, 61, 67130549223592054, -67130549223592054]
[147824557415467625105338, 1131, 386623351653613831, 386623351653613831]
[12284565874489682569003, 94, 1439478701211613315, -1439478701211613315]
[287168719871827120641881, 2197, 16020287142072572172, 16020287142072572172]
[69142547775261754758653, 529, 1092117410871541140, 1092117410871541140]
[130697391380777519103, 1, 4793227636248794, -4793227636248794]
[130765744491339471057, 1, 63559882925703160, 63559882925703160]
[130683654831470964561, 1, 18529776942803336, -18529776942803336]
[31760091620272805628761, 243, 539239571739970210, -539239571739970210]
[130702363587564960906, 1, 178979151193009, 178979151193009]
[130701424444937943935, 1, 760163475823962, -760163475823962]
[2222571962950236718750, 17, 634824607202664501, 634824607202664501]
[3006090875360751953125, 23, 59370632764708506, -59370632764708506]
[69137726608554178859375, 529, 3729049296704358138, -3729049296704358138]
[4051781501128308593750, 31, 13778267481788943, 13778267481788943]
[11371342817316604664464, 87, 252756384606857425, 252756384606857425]
[147680013882994801090505477, 1129888, 1183920163385708899941, 1183920163385708899941]
[538840752601254303204173, 4123, 44354539235661835158, -44354539235661835158]
[4313293979799022692593, 33, 121887721368351992, 121887721368351992]
[130722906508946311917, 1, 20721900532544020, 20721900532544020]
[239050542265505199414783, 1829, 3753383283582068830, -3753383283582068830]
[130700607068856856185, 1, 1577539556911712, -1577539556911712]
[130718051209235606974, 1, 15866600821839077, 15866600821839077]
[914798359256331627415, 7, 116933002564747864, -116933002564747864]
[41299739804769410295331, 316, 2150531489340360121, -2150531489340360121]
[8761238651157518330025, 67, 4192282393795880926, 4192282393795880926]
[30714975598370042699357, 235, 37784607192756438, -37784607192756438]
[5358600403602994936017, 41, 189165341969547760, -189165341969547760]
[1391591427620192674080209, 10647, 5268094411287280850, 5268094411287280850]
[130704131512613335545, 1, 1946904199567648, 1946904199567648]
[18953353203519800335886, 145, 1536435299803990821, 1536435299803990821]
[4051513045911613559375, 31, 254676949213245432, -254676949213245432]
[7580705456345172570125, 58, 21250942825967901, -21250942825967901]
[2091598147911581398023, 16, 363194176961111671, 363194176961111671]
[130708236587565377965, 1, 6051979151610068, 6051979151610068]
[522793143837758640821, 4, 15594595896430767, -15594595896430767]
[101811241270447890150975, 779, 5760539506435040788, -5760539506435040788]
[224166354857107187260307, 1715, 12108253677575316952, 12108253677575316952]
[2834817316907139635467715, 21689, 17634935253423549682, 17634935253423549682]
[43001046695601999151719, 329, 27959433869513606, 27959433869513606]
[177366800635615255475525, 1357, 3936121997772439296, 3936121997772439296]
[464099074079064588831502, 3551, 24383465412700970745, -24383465412700970745]
[130743155510756543445, 1, 40970902342775548, 40970902342775548]
[4318428549893147353475625, 33041, 102331753451951609152, -102331753451951609152]
[223620729145041065022042, 1711, 10708719954891849725, -10708719954891849725]
[1141422387883889674254419, 8733, 209698612239209918, 209698612239209918]
[815803268119435589956721, 6241, 90933978325264511544, 90933978325264511544]
[108866591983677452134925, 833, 8327795131216523276, -8327795131216523276]
[9541128767971059266875, 73, 130708443145789606, -130708443145789606]
[130701782609984500845, 1, 401998429267052, -401998429267052]
[130664461778537288435, 1, 37722829876479462, -37722829876479462]
[2222555727688234417929, 17, 618589345200363680, 618589345200363680]
[4837838999337821025231, 37, 1858168826511613042, 1858168826511613042]
[261417216208570450343, 2, 12846991742914549, 12846991742914549]
[8757184160902928849393, 67, 137792139206400294, 137792139206400294]
[6406053004223517738425, 49, 1645958411243111472, 1645958411243111472]
[2221875539118023709601, 17, 61599225010344648, -61599225010344648]
[130702194851754728125, 1, 10243340960228, 10243340960228]
[1437957693065711250000, 11, 233662373159803133, 233662373159803133]
[10064279938084354490625, 77, 211723236494362556, 211723236494362556]
[32150433948951251171875, 246, 2303464718535730787, -2303464718535730787]
[5358684150756835937500, 41, 105418188128546277, -105418188128546277]
[44162557938861846923828125, 337881, 773101186394613021868, 773101186394613021868]
[2483354629763569790625, 19, 13122203708200582, 13122203708200582]
[614291741925509032574871, 4700, 8525734035676541029, -8525734035676541029]
[130668817260331248025, 1, 33367348082519872, -33367348082519872]
[162194211699323386841921, 1241, 7199399718099118256, -7199399718099118256]
[110697278553213083984375, 847, 7471810113377424384, -7471810113377424384]
[519009005808991768394465, 3971, 9369271019303924522, -9369271019303924522]
[392101084821803029219, 3, 5469003438274472, -5469003438274472]
[50585771764983130391983, 387, 4026321527002215844, 4026321527002215844]
[130714944841315763505, 1, 12760232901995608, 12760232901995608]
[10412128718256985338273543, 79663, 585796919346294832, 585796919346294832]
[5620049983308037581425, 43, 143954853754438146, -143954853754438146]
[1437944023872560738065, 11, 219993180009291198, 219993180009291198]
[15307256936647102038270029, 117077, 5037269247843334192960, 5037269247843334192960]
[915137644465348234698, 7, 222352206451859419, 222352206451859419]
[130693941402690903237, 1, 8243205722864660, -8243205722864660]
[915365378696509987389, 7, 450086437613612110, 450086437613612110]
[2483434256869413501147, 19, 92749309551911104, 92749309551911104]
[11893820339882959254837, 91, 78459482693623790, -78459482693623790]
[392101979030935159475, 3, 4574794306144216, -4574794306144216]
[2221936320187722797659, 17, 818155311256590, -818155311256590]
[6142729853873008020625, 47, 272822722439070534, -272822722439070534]
[6927153351981786783860, 53, 62432264142914681, -62432264142914681]
[1699179299081447416875, 13, 50899172068434214, 50899172068434214]
[130710359000010334725, 1, 8174391596566828, 8174391596566828]
[8756678642178338066250, 67, 367726585384382849, -367726585384382849]
[3006365989279955221875, 23, 215743286438560244, 215743286438560244]
[751020973805080065178125, 5746, 6221045134554841963, 6221045134554841963]
[1699128674957058046875, 13, 275047679064214, 275047679064214]
[3312740478673680607884375, 25346, 37092411174753232987, -37092411174753232987]
[13477036693379489935154450, 103113, 57668147878914008911, -57668147878914008911]
[653515077400914378689, 5, 4154358845539204, 4154358845539204]
[4052024430842294819495, 31, 256707981468014688, 256707981468014688]
[10324890465377340734375, 79, 582118687346929488, -582118687346929488]
[109914596824795800781250, 841, 5940430880178020127, -5940430880178020127]
[7711442251193973731725, 59, 13359297561425802, 13359297561425802]
[1699126400812652755625, 13, 1999096726227036, -1999096726227036]
[485676469089406293824125, 3713, 379257638365973622564, 379257638365973622564]
[392107794701995516375, 3, 1240876754212684, 1240876754212684]
[522811836585841125323, 4, 3098152186053735, 3098152186053735]
[130708623077392578125, 1, 6438468978810228, 6438468978810228]
[26549101900019453444337967, 203125, 220651435406840259842, 220651435406840259842]
[130697943823943257823, 1, 4240784470510074, -4240784470510074]
[198273825658640933596041, 1517, 1388392322752303708, -1388392322752303708]
[25281091946770045492809833, 193430, 631622035429631506877, -631622035429631506877]
[227714052281104352165216738, 1742221, 1961510449109045937501, 1961510449109045937501]
[6930203540291066781291, 53, 2987756045137082750, 2987756045137082750]
[37250100182044661706869, 285, 22431353262143776, -22431353262143776]
[4052286410194387304768, 31, 518687333560499961, 518687333560499961]
[915036553852249970627, 7, 121261593353595348, 121261593353595348]
[56727453896512876069109, 434, 2705776461300801811, 2705776461300801811]
[130703938407474647721, 1, 1753799060879824, 1753799060879824]
[130704749314077951040, 1, 2564705664183143, 2564705664183143]
[261521291887465676799, 2, 116922670638141005, 116922670638141005]
[392137586245856236286, 3, 31032420614932595, 31032420614932595]
[12412313776167998283591, 95, 4393761631309666624, -4393761631309666624]
[8757100944178929792059, 67, 54575415207342960, 54575415207342960]
[130702067277704581351, 1, 117330709186546, -117330709186546]
[130695105089297512355, 1, 7079519116255542, -7079519116255542]
[130701935481015238719, 1, 249127398529178, -249127398529178]
[14658557543074258441301273299, 112152587, 30587310927594764826240, -30587310927594764826240]
[130686208227548597897, 1, 15976380865170000, -15976380865170000]
[1096137864749369092818797175, 8386591, 7900367892337302271952, -7900367892337302271952]
[130637818119635416205, 1, 64366488778351692, -64366488778351692]
[6927176950598918968045, 53, 38833647010730496, -38833647010730496]
[72017744713928732106943, 551, 840994692745995696, 840994692745995696]
[130703794549738215275, 1, 1609941324447378, 1609941324447378]
[4835980767981374486769, 37, 62529934925420, -62529934925420]
[1437496269516623063579, 11, 227761175928383288, -227761175928383288]
[130661584330715384999, 1, 40600277698382898, -40600277698382898]
[16860523766346160118309, 129, 58048139215940404, -58048139215940404]
[1104279524101313557168093, 8449, 23233655174367793660, -23233655174367793660]
[3789971071570646187018, 29, 392282073353081995, -392282073353081995]
[367157839743120922849290, 2809, 15403178086648826617, 15403178086648826617]
[130701301370195976917, 1, 883238217790980, -883238217790980]
[1699131359693027477573, 13, 2959783648494912, 2959783648494912]
[130700321848598199390, 1, 1862759815568507, -1862759815568507]
[130704999697144597725, 1, 2815088730829828, 2815088730829828]
[22088635181396776218149, 169, 34017425150556444, -34017425150556444]
[130693631611311351702, 1, 8552997102416195, -8552997102416195]
[4965995936071256134191, 38, 687079048467045895, -687079048467045895]
[130693845313907754593, 1, 8339294506013304, -8339294506013304]
[7711218933208764491479, 59, 209958687647814444, -209958687647814444]
[486347235491915985319748, 3721, 4406564008354975011, 4406564008354975011]
[130728155997730006730, 1, 25971389316238833, 25971389316238833]
[3659706042134594581797, 28, 44873099009080681, 44873099009080681]
[130707833772958557416, 1, 5649164544789519, 5649164544789519]
[2745457822388384596712, 21, 711945611695470875, 711945611695470875]
[392150868827174525875, 3, 44315001933222184, 44315001933222184]
[130713937956841072925, 1, 11753348427305028, 11753348427305028]
[235939985373490700349957, 1805, 22542155303849295872, 22542155303849295872]
[113347922680915093491605, 867, 29128625420356724906, 29128625420356724906]
[6926140843237445764935, 53, 1074941008483933606, -1074941008483933606]
[24570559772727817642585, 188, 1450933653970722051, -1450933653970722051]
[44962955809897721301949, 344, 1404304603385145381, 1404304603385145381]
[9023560053351990671875, 69, 5109315371440686982, 5109315371440686982]
[9054110980163689383203125, 69277, 544262953391215397344, -544262953391215397344]
[914913344574275960875, 7, 1947684620414404, -1947684620414404]
[59600663710473020074163, 456, 467529036341913131, 467529036341913131]
[367103055980906519190725, 2809, 39380584127754831948, -39380584127754831948]
[130706861590387435739, 1, 4676981973667842, 4676981973667842]
[130709232221208399681, 1, 7047612794631784, 7047612794631784]
[130709388832324713752, 1, 7204223910945855, 7204223910945855]
[3790455480559053055750, 29, 92126915053786737, 92126915053786737]
[37905889033990083451793, 290, 2255497550090761663, 2255497550090761663]
[9279949765922807266295, 71, 94658725429745608, 94658725429745608]
[3792144941587463335983, 29, 1781587943464066970, 1781587943464066970]
[10064116316006973356712, 77, 48101159113228643, 48101159113228643]
[392097098203614746921, 3, 9455621626556770, -9455621626556770]
[1238667608126957220088573, 9477, 3004593019941728704, 3004593019941728704]
[239097253921717964277003, 1829, 42958272929182793390, 42958272929182793390]
[57740360061813299906986181, 441762, 1101584831216973271667, 1101584831216973271667]
[130610230458321359249, 1, 91954150092408648, -91954150092408648]
[39080162217584159505127, 299, 209019668442903924, 209019668442903924]
[130688472253018518215, 1, 13712355395249682, -13712355395249682]
[41694448902683958381637, 319, 452012599966422494, 452012599966422494]
[1700060945680295662266, 13, 932545770916679605, 932545770916679605]
[73064773606265542002051, 559, 2252410162245747628, 2252410162245747628]
[392104690660560371923, 3, 1863164680931768, -1863164680931768]
[749582140619222296686729, 5735, 5111889969337797434, 5111889969337797434]
[2222287684186501007582, 17, 350545843466953333, 350545843466953333]
[5229266598816484306227, 40, 1179214479933590347, 1179214479933590347]
[2483343285836585335735, 19, 1778276723745692, 1778276723745692]
[7580253192888253141555, 58, 473514399745396471, -473514399745396471]
[2483836407366446788187, 19, 494899806585198144, 494899806585198144]
[566069212027188130250815, 4331, 1949511851898511092, -1949511851898511092]
[9018375791750272714105, 69, 74946230277270788, -74946230277270788]
[207956706888469465436606, 1591, 9531176483160712479, 9531176483160712479]
[130704493212890625000, 1, 2308604476857103, 2308604476857103]
[15553492422581722323936, 119, 67545819516055807, -67545819516055807]
[392166886840586725021, 3, 60333015345421330, 60333015345421330]
[653538630255117053403, 5, 27707213048213918, 27707213048213918]
[108879377019948284911150, 833, 4457241139616252949, 4457241139616252949]
[439555558869074195981125, 3363, 4112030978694543514, 4112030978694543514]
[9548919637251008021778485, 73059, 51268055093447008438, -51268055093447008438]
[227287479734344811103768, 1739, 3619299686731269115, -3619299686731269115]
[66785294665187918351730, 511, 3521669711517043637, -3521669711517043637]
[27709128222852448006929, 212, 265085868729212765, 265085868729212765]
[392095309963963868180, 3, 11243861277435511, -11243861277435511]
[1045625517862410112425, 8, 8040995099969249, 8040995099969249]
[130694880265011401616, 1, 7304343402366281, -7304343402366281]
[18951823085820118001181, 145, 6317600121656116, 6317600121656116]
[653521117267567580292, 5, 10194225498740807, 10194225498740807]
[56463548775929418131417, 432, 205025094670399913, 205025094670399913]
[1437719144422155143760, 11, 4886270396303107, -4886270396303107]
[3006099796174315105500, 23, 50449819201556131, -50449819201556131]
[19343581794813738150315, 148, 341527231499498441, -341527231499498441]
[109919956588812227679705, 841, 580666863751121672, -580666863751121672]
[130712356793495985822, 1, 10172185082217925, 10172185082217925]
[4835334039355763568261, 37, 646791155545843928, -646791155545843928]
[1174749683521381952345581, 8993, 655062662083062352140, -655062662083062352140]
[41701359735134775716313, 319, 7362845050783757170, 7362845050783757170]
[73062335473388914209473, 559, 185722714382044950, -185722714382044950]
[7972885430679229797737, 61, 52169565989956020, 52169565989956020]
[130704287996527448497, 1, 2103388113680600, 2103388113680600]
[725540579314274562340535, 5551, 12752552969736744288, 12752552969736744288]
[7972930145605330514967, 61, 96884492090673250, 96884492090673250]
[6926357983173002984875, 53, 857801072926713666, -857801072926713666]
[586840407564799501953125, 4489, 118300857630097863492, 118300857630097863492]
[130699681074027382625, 1, 2503534386385272, -2503534386385272]
[10325465656158447265625, 79, 6927906240398238, -6927906240398238]
[4051627279849982421875, 31, 140443010844382932, -140443010844382932]
[130705938847595660118, 1, 3754239181892221, 3754239181892221]
[4443922559585542436221, 34, 48282899474327723, 48282899474327723]
[6404844820815450051015, 49, 437775003175424062, 437775003175424062]
[271468438185298672754381, 2077, 753623276832312, 753623276832312]
[5358784253812183071901, 41, 5315132781411876, -5315132781411876]
[933095814227384033203125, 7139, 12918307918144186442, 12918307918144186442]
[750238196087137948420633, 5740, 7656434842920691853, 7656434842920691853]
[261406013192939886635, 2, 1643976112350841, 1643976112350841]
[130702252141171571276, 1, 67532757803379, 67532757803379]
[130701610105068324680, 1, 574503345443217, -574503345443217]
[16825239686506203446596003, 128774, 5803434257671100572275, -5803434257671100572275]
[8760090374781004835879, 67, 3044006017282386780, 3044006017282386780]
[4051769750061303665681, 31, 2027200476860874, 2027200476860874]
[130703361853500936012, 1, 1177245087168115, 1177245087168115]
[130692403538048745472, 1, 9781070365022425, -9781070365022425]
[130691448106794489024, 1, 10736501619278873, -10736501619278873]
[130695894214845832560, 1, 6290393567935337, -6290393567935337]
[2221937157440367351259, 17, 19097333297010, 19097333297010]
[1176257564573861615045, 9, 62096901862296028, -62096901862296028]
[95280514679660744381324, 729, 1377899872892415589, -1377899872892415589]
[130712493839020125273, 1, 10309230606357376, 10309230606357376]
[87320524721825262647425536, 668057, 4015378882186107459407, 4015378882186107459407]
[8757051190421981891002, 67, 4821658259441903, 4821658259441903]
[2221939972711805544084, 17, 2834368771489835, 2834368771489835]
[186382511006384598173433, 1426, 1195754786565152311, 1195754786565152311]
[325590069065148657046875, 2491, 10927205589961215448, 10927205589961215448]
[130672638486603401881, 1, 29546121810366016, -29546121810366016]
[18559423873261734750889, 142, 286341133020290485, -286341133020290485]
[130703188381722152588, 1, 1003773308384691, 1003773308384691]
[9279825660951185129524, 71, 29446246192391163, -29446246192391163]
[1176326893199012188795, 9, 7231723288277722, 7231723288277722]
[130702855467315381250, 1, 670858901613353, 670858901613353]
[3801361401138546984612058, 29087, 373042566384282207981, -373042566384282207981]
[130661071738933834982, 1, 41112869479932915, -41112869479932915]
[653524398318690177214, 5, 13475276621337729, 13475276621337729]
[261407887105167835019, 2, 3517888340299225, 3517888340299225]
[129267265520898987893450, 989, 2804943177771443317, 2804943177771443317]
[15816598269459228515625, 121, 1633931841162600088, 1633931841162600088]
[914917595260070015625, 7, 2303001173640346, 2303001173640346]
[392146232714311796875, 3, 39678889070493184, 39678889070493184]
[10648252633319307944609375, 81461, 1121972933313997951858, 1121972933313997951858]
[130700021730268465046, 1, 2162878145302851, -2162878145302851]
[9007273450168110297458984673, 68914079, 52774591299831917462810, 52774591299831917462810]
[130697873975685057147, 1, 4310632728710750, -4310632728710750]
[5358796623282967605377, 41, 7054338003121600, 7054338003121600]
[4836003289344189273974, 37, 22458832879861785, 22458832879861785]
[21170579610301123046875, 162, 3174296261907352439, -3174296261907352439]
[7470215663296951782204678, 57155, 67697996937121948357, -67697996937121948357]
[7280721483601036965794477, 55696, 1132609650823749003165, 1132609650823749003165]
[443991895418644131747256, 3397, 3425696137437798853, -3425696137437798853]
[28366153591592860923695, 217, 3779531567073290046, 3779531567073290046]
[212786252522793509052499, 1628, 3095980295894916183, 3095980295894916183]
[6927266473486097938100, 53, 50689240168239559, 50689240168239559]
[178932576707891920556040, 1369, 1285978973472305047, 1285978973472305047]
[10328209830020680077769, 79, 2737245955992413906, 2737245955992413906]
[44576879416758029079886, 341, 7434465288934227009, 7434465288934227009]
[37795454402775626665057, 289, 22523050944047742824, 22523050944047742824]
[53065711576161590247857, 406, 624625145600481675, 624625145600481675]
[130703986750691208750, 1, 1802142277440853, 1802142277440853]
[8757502607731713269875, 67, 456238967990820776, 456238967990820776]
[261405242966593989315, 2, 873749766453521, 873749766453521]
[3790376615326662041088, 29, 13261682662772075, 13261682662772075]
[3790626426228515625000, 29, 263072584516355987, 263072584516355987]
[1699128171020507812500, 13, 228888871170161, -228888871170161]
[130731864536812743750, 1, 29679928398975853, 29679928398975853]
[2614181481879329161293, 20, 137789711053803353, 137789711053803353]
[1176362486710937500000, 9, 42825235213588927, 42825235213588927]
[9541442923108898099922, 73, 183446694693043441, 183446694693043441]
[2483376441931404296875, 19, 34934371542706832, 34934371542706832]
[130701157640625000000, 1, 1026967788767897, -1026967788767897]
[1699310299977047190363, 13, 181900067668207702, 181900067668207702]
[261404300208143551459, 2, 69008683984335, -69008683984335]
[20190207069733088068596955, 154541, 8639241835784035973322, -8639241835784035973322]
[2482389563377639722859, 19, 951944182221867184, -951944182221867184]
[10325455875002306303018, 79, 16709062381360845, -16709062381360845]
[130740979758064912588, 1, 38795149651144691, 38795149651144691]
[64952212493286781153315, 497, 6773257094861491494, -6773257094861491494]
[4160658609402228927816867583, 31833155, 4292076020849782357452, -4292076020849782357452]
[18559736843131139973449, 142, 26628736384932075, 26628736384932075]
[47171330069218109040231, 361, 12158574419261170586, -12158574419261170586]
[261401240304765135795, 2, 3128912062399999, -3128912062399999]
[392040104195484126767, 3, 66449629757176924, -66449629757176924]
[10325560528901458527687, 79, 87944836770863824, 87944836770863824]
[130703453718904128909, 1, 1269110490361012, 1269110490361012]
[10324668467480352114545, 79, 804116584335549318, -804116584335549318]
[39074608918364088800883, 299, 5344279551627800320, -5344279551627800320]
[26532430017870410978437, 203, 113457637583904654, -113457637583904654]
[4318511149260655175562769, 33041, 19732385944129522008, -19732385944129522008]
[391998835620018080138, 3, 107718205223223553, -107718205223223553]
[1793007029986252855010841, 13718, 34461528032786999795, 34461528032786999795]
[2528126221435537752413131, 19343, 46135445009760018540, -46135445009760018540]
[2483411399099810635907, 19, 69891539949045864, 69891539949045864]
[178867835735163013088837, 1369, 63454993755435162156, -63454993755435162156]
[4836269962919439442294, 37, 289132408130030105, 289132408130030105]
[58031510528850196641307, 444, 259437285516304961, -259437285516304961]
[5620431156463687833243, 43, 237218301895813672, 237218301895813672]
[130700778670177674867, 1, 1405938236093030, -1405938236093030]
[3267986860087543614488, 25, 432244877199417063, 432244877199417063]
[1015707539602468098125775, 7772, 109839174123705969709, -109839174123705969709]
[705012987628476022805953, 5394, 5403850692158769535, 5403850692158769535]
[130706698852748046875, 1, 4514244334278978, 4514244334278978]
[130698733321510859375, 1, 3451286902908522, -3451286902908522]
[1648806422910344860490625, 12614, 129066259813592237867, 129066259813592237867]
[653466793674207589648, 5, 44129367861249837, -44129367861249837]
[8757061327853822637753, 67, 14959090100188654, 14959090100188654]
[1698523184363173003941, 13, 605215546205978720, -605215546205978720]
[653504162039390313899, 5, 6761002678525586, -6761002678525586]
[4051764464210807243861, 31, 3258650019560946, -3258650019560946]
[2483339644244567186199, 19, 1863315294403844, -1863315294403844]
[6404748786370162485813, 49, 341740557887858860, 341740557887858860]
[324826826800359160595336125, 2485219, 3274270021704756121682, 3274270021704756121682]
[39341945087216709603205, 301, 587520084165466208, 587520084165466208]
[44831454411474575166971, 343, 605090788652778300, 605090788652778300]
[6404093122637850293555, 49, 313923174424333398, -313923174424333398]
[653480923138497553099, 5, 29999903571286386, -29999903571286386]
[1699144646918902444723, 13, 16247009523462062, 16247009523462062]
[130702691093507122975, 1, 506485093355078, 506485093355078]
[130699392279899130875, 1, 2792328514637022, -2792328514637022]
[55280305552514322613213, 423, 6718536844701207218, -6718536844701207218]
[130703823860267866754, 1, 1639251854098857, 1639251854098857]
[7710915482339112444987, 59, 513409557299860936, -513409557299860936]
[5620374413642005658739, 43, 180475480213639168, 180475480213639168]
[914920621675446202218, 7, 5329416549826939, 5329416549826939]
[7711509074992730934309, 59, 80183096318628386, 80183096318628386]
[3005553505921701221851, 23, 596740071815439780, -596740071815439780]
[130703624554142425604, 1, 1439945728657707, 1439945728657707]
[4812715021320333188802163, 36822, 820330678572701171, -820330678572701171]
[196754952732712287253531116705, 1505360318, 1070547295832136525005459, 1070547295832136525005459]
[130702953288372054535, 1, 768679958286638, 768679958286638]
[130704022125814077200, 1, 1837517400309303, 1837517400309303]
[914908629155347015436, 7, 6663103549359843, -6663103549359843]
[24047695507296539103675, 184, 1506460651594189373, -1506460651594189373]
[261405145584006009625, 2, 776367178473831, 776367178473831]
[124024420283679722723503, 949, 11952909704943010750, -11952909704943010750]
[261403693368900078035, 2, 675847927457759, -675847927457759]
[130735450076949880747, 1, 33265468536112850, 33265468536112850]
[2484136699305459513185, 19, 795191745597923142, 795191745597923142]
[129293581172340839737015, 989, 29120594619623286882, 29120594619623286882]
[3140454237518347591272262, 24025, 334252301206817546837, 334252301206817546837]
[22088531276019412306825, 169, 137922802514467768, -137922802514467768]
[628023989181808955794669, 4805, 7861619198950416, -7861619198950416]
[503707501575532385270671, 3854, 18717905294276204367, -18717905294276204367]
[2213246347243886054131949, 16933, 66255269615722332048, 66255269615722332048]
[2204456746016927965891159, 16864, 295104780638184076151, 295104780638184076151]
[653463070967009276004, 5, 47852075059563481, -47852075059563481]
[392139282164932641706, 3, 32728339691338015, 32728339691338015]
[1437756306622995146012, 11, 32275930443699145, 32275930443699145]
[2221935828518365835107, 17, 1309824668219142, -1309824668219142]
[7712120402638457991823, 59, 691510742045685900, 691510742045685900]
[5620290852313848792916, 43, 96914152056773345, 96914152056773345]
[5620282287205532732555, 43, 88349043740712984, 88349043740712984]
[130701477679139188794, 1, 706929274579103, -706929274579103]
[69141836571976946096825, 529, 380914126062879312, 380914126062879312]
[3006140686070531127250, 23, 9559922985534381, -9559922985534381]
[10240653046775039712442894, 78351, 6180521212583945047, 6180521212583945047]
[68920160888650458718949221, 527345, 4982653673499712694244, -4982653673499712694244]
[219708511842031059954931, 1681, 1860484712483879926, -1860484712483879926]
[2088499416668123139842997, 15979, 9208810279542616834, 9208810279542616834]
[837672003892746783086051, 6409, 1702737422944634178, 1702737422944634178]
[130705339203766202400, 1, 3154595352434503, 3154595352434503]
[1176327276735373984000, 9, 7615259650072927, 7615259650072927]
[1699149587539474059000, 13, 21187630095076339, 21187630095076339]
[1045619330510785356747, 8, 1853643475213571, 1853643475213571]
[130701334970417868800, 1, 849637995899097, -849637995899097]
[5360211740105242306177, 41, 1422171160277822400, 1422171160277822400]
[562933992174219181070569, 4307, 316934218917261810, -316934218917261810]
[130712898383422149377, 1, 10713775008381480, 10713775008381480]
[28624004913230188974173, 219, 226483987573804730, 226483987573804730]
[130706663533558312291, 1, 4478925144544394, 4478925144544394]
[130730500192768039083, 1, 28315584354271186, 28315584354271186]
[130709018684285097147, 1, 6834075871329250, 6834075871329250]
[2222244737504941712745, 17, 307599161907658496, 307599161907658496]
[915006612018119598757, 7, 91319759223223478, 91319759223223478]
[198271856819600695981333, 1517, 3357231362989918416, -3357231362989918416]
[2737573032001053770241307, 20945, 15775377827401638642, 15775377827401638642]
[130721473619139593435, 1, 19289010725825538, 19289010725825538]
[130668322850448303575, 1, 33861757965464322, -33861757965464322]
[130699814273909765625, 1, 2370334504002272, -2370334504002272]
[109357919923824514438105, 837, 39808593417809291684, -39808593417809291684]
[130711806147521175027, 1, 9621539107407130, 9621539107407130]
[10064068205076599544153, 77, 9771260583916, -9771260583916]
[130730945481986545549, 1, 28760873572777652, 28760873572777652]
[130725910298899955754, 1, 23725690486187857, 23725690486187857]
[653561233273793805972, 5, 50310231724966487, 50310231724966487]
[11501990949078417518613, 88, 198703538005943677, 198703538005943677]
[1699128435233858441461, 13, 35324479458800, 35324479458800]
[8287013242004958821500751, 63403, 102631277700695527260, 102631277700695527260]
[914765064990946347737, 7, 150227267950027542, -150227267950027542]
[1960532658449274373438, 15, 110676932145017, -110676932145017]
[14626783461530181674366231, 111909, 32684187205322780858, 32684187205322780858]
[915351300024425594473, 7, 436007765529219194, 436007765529219194]
[42075532458449444507783, 322, 10570985459788755051, -10570985459788755051]
[1658737589332462071597411, 12691, 3835532917056783416, -3835532917056783416]
[1176479235915527349728, 9, 159574439803438655, 159574439803438655]
[7973323312661092156160, 61, 490051547852314443, 490051547852314443]
[171165013848688039038947088, 1309499, 10633806154818391593485, 10633806154818391593485]
[58552192821305622156471, 448, 2385883263745861385, -2385883263745861385]
[81035375907224512588113, 620, 21450007976491973, 21450007976491973]
[10917915120753314777479363, 83521, 1537960073988468954026, 1537960073988468954026]
[130698817076922486105, 1, 3367531491281792, -3367531491281792]
[116456408052685220776805, 891, 761566588553580578, 761566588553580578]
[1127871665809367438570703125, 8629439, 14863435678058256616658, -14863435678058256616658]
[1437728213030928590625, 11, 4182338377143758, 4182338377143758]
[38399842299213653707068125, 293797, 67432184486059766784, -67432184486059766784]
[246375164360183212237382, 1885, 1546373323259751537, 1546373323259751537]
[442422899714031192439164656, 3385025, 7262740064622236377769, -7262740064622236377769]
[17666919221841716747247616, 135169, 35630507036154378023, 35630507036154378023]
[3528966372074800155917, 27, 7387647628422698, 7387647628422698]
[1436542943212882828596, 11, 1181087479668618271, -1181087479668618271]
[79857558558683919583684, 611, 1476237056892601383, -1476237056892601383]
[130699259063639824938, 1, 2925544773942959, -2925544773942959]
[9671906686406063346611, 74, 54974616555477767, -54974616555477767]
[4835652145743234479279, 37, 328684768074932910, -328684768074932910]
[130707823894287610397, 1, 5639285873842500, 5639285873842500]
[239038245137692471460715, 1829, 16050511096310022898, -16050511096310022898]
[16077229629654138358952, 123, 860922819244907621, 860922819244907621]
[2483405251613899085259, 19, 63744054037495216, 63744054037495216]
[2021007625694034262841918, 15463, 40254905867830149393, -40254905867830149393]
[130708180687216594297, 1, 5996078802826400, 5996078802826400]
[6535132863330601011741, 50, 23632909912616891, 23632909912616891]
[401337963789326680514005647, 3070625, 568176116154465280022, 568176116154465280022]
[454895303481129968506970, 3483, 340405509975185078281, -340405509975185078281]
[261289517865719578659, 2, 114851351107957135, -114851351107957135]
[1997533594227899017293435, 15283, 12106857511402523584, 12106857511402523584]
[1217334864684529691417315781, 9313603, 26606009053397490512890, 26606009053397490512890]
[130636804903363281250, 1, 65379705050486647, -65379705050486647]
[130561702270507812500, 1, 140482337905955397, -140482337905955397]
[1850905514815653251335042, 14161, 31878575905884145625, 31878575905884145625]
[37771137813101825234375, 289, 1793538729753687858, -1793538729753687858]
[128870695529083251953125, 986, 1658494812723193317, -1658494812723193317]
[392105790540469554850, 3, 763284771748841, -763284771748841]
[708250756002796245358159, 5415, 498426348235692195904, 498426348235692195904]
[1103383705558289964179111, 8442, 4136905939064407363, -4136905939064407363]
[69141700154562998050413, 529, 244496712114832900, 244496712114832900]
[2961846931515319664244587, 22661, 4726104055269930670, 4726104055269930670]
[1724612692084230130195063, 13195, 2633823789537205852, -2633823789537205852]
[325572767594134240178219, 2491, 6374265424455653208, -6374265424455653208]
[3006564976954123007124, 23, 414730960606345493, 414730960606345493]
[784234422992047741591, 6, 21315341565134209, 21315341565134209]
[16053597074436989059963399, 122825, 101249908568018014374, 101249908568018014374]
[14639102149758676625389, 112, 457473616334620925, 457473616334620925]
[93173038186341506018125, 713, 17619439457510492436, -17619439457510492436]
[760714049059149082463969, 5819, 158036822789367071326, 158036822789367071326]
[130700904052254684267, 1, 1280556159083630, -1280556159083630]
[14141974719372255935801969, 108199, 129046926494663114466, 129046926494663114466]
[717683529449300264842703, 5491, 2166235499734679724, -2166235499734679724]
[261405587867216057419, 2, 1218650388521625, 1218650388521625]
[9672123979764225777259, 74, 162318741606952881, 162318741606952881]
[130692172135119451192, 1, 10012473294316705, -10012473294316705]
[111359409798787874797535, 852, 1148512419344549291, 1148512419344549291]
[5619265682269967527625, 43, 928255891824491946, -928255891824491946]
[3790452898204590251290, 29, 89544560590982277, 89544560590982277]
[5358720272913494796875, 41, 69296031469686902, -69296031469686902]
[6927363663681379384375, 53, 147879435449685834, 147879435449685834]
[130689282857499609375, 1, 12901750914158522, -12901750914158522]
[9541205066618270331957, 73, 54409795934724524, -54409795934724524]
[419888965976286831188978, 3211, 204251198670222471711, 204251198670222471711]
[653459524732881380228, 5, 51398309187459257, -51398309187459257]
[110715305961547385366060, 847, 10555598220923957301, 10555598220923957301]
[2344261132337355111143305, 17936, 13250799154229857287, -13250799154229857287]
[40726444708793211485554702, 311469, 16765970995183612444009, 16765970995183612444009]
[130621068930132213315, 1, 81115678281554582, -81115678281554582]
[591384282932205702485538839, 4524725, 7159320099283462214486, -7159320099283462214486]
[72018202314633177780690, 551, 1298595397191669443, 1298595397191669443]
[392136904198855578125, 3, 30350373614274434, 30350373614274434]
[9279776237372238565275, 71, 78869825138955412, -78869825138955412]
[6403910771847240374112, 49, 496273965034252841, -496273965034252841]
[915006276602940549672, 7, 90984344044174393, 90984344044174393]
[104955634960117556936363, 803, 1780719561301315072, 1780719561301315072]
[47183689969559195829056, 361, 201325921825618239, 201325921825618239]
[64958401746664863880456, 497, 584003716778764353, -584003716778764353]
[1829799283253619771875, 14, 31301264172978683, -31301264172978683]
[93191160672934114902375, 713, 503047135098391814, 503047135098391814]
[2483377079715462189875, 19, 35572155600599832, 35572155600599832]
[261404486161560546875, 2, 116944733011081, 116944733011081]
[130809834233310546875, 1, 107649624896778978, 107649624896778978]
[130666656755555005250, 1, 35527852858762647, -35527852858762647]
[261388445732563783361, 2, 15923484263752433, -15923484263752433]
[130702557781333599672, 1, 373172919831775, 373172919831775]
[485164177920690942184101, 3712, 2331345740964249563, -2331345740964249563]
[764092905557687994922907, 5846, 7934336901107797045, 7934336901107797045]
[7972989982369694333390, 61, 156721256454491673, 156721256454491673]
[130679952226398537833, 1, 22232382015230064, -22232382015230064]
[1459616724125971651279614825, 11167351, 19552137017551941283978, 19552137017551941283978]
[8272029942912978901550606, 63291, 242023138136882418421, -242023138136882418421]
[130701620361440898735, 1, 564246972869162, -564246972869162]
[408711888258569709040305, 3127, 6156988059856826386, 6156988059856826386]
[362698493823680691199549, 2775, 68464667514714626, -68464667514714626]
[44569541468779678138957, 341, 96517310583286080, 96517310583286080]
[759734742723574735003665324476, 5812590377, 16482215831354491251597307, 16482215831354491251597307]
[4574583070726690696246, 35, 6609432208819851, 6609432208819851]
[11239185556295599327267, 86, 1202320027984711875, -1202320027984711875]
[582801039669585968851315, 4459, 1499331022201408, -1499331022201408]
[34634356879475856835199, 265, 1722041753791657506, -1722041753791657506]
[43783980968853808329241, 335, 1250874964803916254, -1250874964803916254]
[4182293627310037436109, 32, 176280159203136595, -176280159203136595]
[37785761631938830636049, 289, 12830280107251713816, 12830280107251713816]
[26795570101519394182469, 205, 1622256794571763584, 1622256794571763584]
[621750629450423280772478, 4757, 337268198986886449, 337268198986886449]
[862913841323489268289603, 6603, 112683645866841134288, -112683645866841134288]
[109397770830817758616349, 837, 42313575434886560, 42313575434886560]
[53064834136923119639931, 406, 252814092870126251, -252814092870126251]
[96982470603736394083875, 742, 1449624293378304301, 1449624293378304301]
[2221745692886140227205, 17, 191445456893827044, -191445456893827044]
[1699113782523452646967, 13, 14617385926335694, -14617385926335694]
[189388201254994947528125, 1449, 735757403397845372, 735757403397845372]
[7710232885310828615171, 59, 1196006585583690752, -1196006585583690752]
[7449120414404872165105, 57, 904108274712605024, -904108274712605024]
[2483479917753545923355, 19, 138410193684333312, 138410193684333312]
[47185017972529435513515, 361, 1529328892065302698, 1529328892065302698]
[130645561989665368409, 1, 56622618748399488, -56622618748399488]
[654080219230986873312, 5, 569296188918033827, 569296188918033827]
[13854288686082212265625, 106, 142882409647131457, -142882409647131457]
[324413370234883879028625, 2482, 10548036800907108271, 10548036800907108271]
[81690579294342037153673, 625, 1713914083432218048, 1713914083432218048]
[101812609808690631090625, 779, 4392001263694101138, -4392001263694101138]
[6403826113184096543375, 49, 580932628178083578, -580932628178083578]
[339431760832276611440825, 2597, 1812595773943787684, -1812595773943787684]
[1437629951031681082000, 11, 94079660870364867, -94079660870364867]
[28418276167823573743956012, 217415, 1660701185294396629757, 1660701185294396629757]
[392118216499044792640, 3, 11662673803488949, 11662673803488949]
[53195721812939588595375, 407, 67322684814938704, -67322684814938704]
[2221616609495581181455, 17, 320528847452872794, -320528847452872794]
[15161241344846292795099, 116, 212069729704280953, -212069729704280953]
[43001634701288994000040, 329, 615965120864361927, 615965120864361927]
[279036196083354423003772, 2135, 12968055608971456323, -12968055608971456323]
[130702494768341799170, 1, 310159928031273, 310159928031273]
[11370715170402188005790, 87, 374890529809801249, -374890529809801249]
[109919603811414088241242, 841, 933444261890560135, -933444261890560135]
[2483344282181755569500, 19, 2774621893979457, 2774621893979457]
[1437534376835739590619, 11, 189653856811856248, -189653856811856248]
[3529192275484421929222, 27, 233291057250196003, 233291057250196003]
[1699351946048851276959, 13, 223546139472294298, 223546139472294298]
[162202425512460847327541, 1241, 1014413419361367364, 1014413419361367364]
[1437725831522057360010, 11, 1800829505913143, 1800829505913143]
[10586828607489693254605, 81, 48345791821945052, -48345791821945052]
[15028313470823610751159, 115, 2437759143972556996, -2437759143972556996]
[1890447127209351136916105, 14457, 885644325513294429176, 885644325513294429176]
[64994136421215332437361, 497, 35150670833689792552, 35150670833689792552]
[112534870832315576935741, 861, 289884471322776424, 289884471322776424]
[101966946944610398390321813, 780148, 100973274385806986943, -100973274385806986943]
[128872383211778685726247, 986, 29187882710579805, 29187882710579805]
[429140744426959135629719, 3283, 45472357536735623868, 45472357536735623868]
[16182885000064970426485519, 123883, 8893735779152381898532, -8893735779152381898532]
[6927046813799250319539, 53, 168970446679379002, -168970446679379002]
[1829831580068435999341, 14, 995550643248783, 995550643248783]
[5874264078639868627280565, 44944, 14906400679757082203, -14906400679757082203]
[5362265485907021355517, 41, 3475916962056871740, 3475916962056871740]
[48489303409981131609263, 371, 1207079740376280524, -1207079740376280524]
[24177415220685135183313, 185, 2488931871411877632, -2488931871411877632]
[1829889123108654952167, 14, 58538590862201609, 58538590862201609]
[170175127175120212546745, 1302, 882814965486744851, 882814965486744851]
[130745169872362710009, 1, 42985263948942112, 42985263948942112]
[12416948162831726861256, 95, 240625032418911041, 240625032418911041]
[130772521063228347575, 1, 70336454814579678, 70336454814579678]
[130706932465370648816, 1, 4747856956880919, 4747856956880919]
[653514145462190645869, 5, 3222420121806384, 3222420121806384]
[130680768598681640625, 1, 21416009732127272, -21416009732127272]
[653490651321736940543, 5, 20271720331898942, -20271720331898942]
[1140092216194427490234375, 8723, 22940144765807131156, -22940144765807131156]
[3528957697991481640625, 27, 1286435690092594, -1286435690092594]
[5358787384272388095601, 41, 2184672576388176, -2184672576388176]
[130702146217298353893, 1, 38391115414004, -38391115414004]
[3267668697853850162237, 25, 114082643505964812, 114082643505964812]
[15030796405254375073679, 115, 45175286791765524, 45175286791765524]
[2021040648878328063861563, 15463, 7231721574029129748, -7231721574029129748]
[7711178480853085800253, 59, 250411043326505670, -250411043326505670]
[130734014728078369685, 1, 31830119664601788, 31830119664601788]
[90054593086703947060205, 689, 787891506860979172, 787891506860979172]
[4053299363427741024256, 31, 1531640566914219449, 1531640566914219449]
[30961904063584002899968, 237, 14513688610060091621, -14513688610060091621]
[12155170985259135827968, 93, 132183323344586453, -132183323344586453]
[50619887023862852068690944, 387283, 1152862162542796237093, 1152862162542796237093]
[4051783723578400668672, 31, 16000717573863865, 16000717573863865]
[134228506689102279453125, 1027, 2636903738660177094, -2636903738660177094]
[815677250995720115234375, 6241, 35083145390210210802, -35083145390210210802]
[130702646537711702597, 1, 461929297934700, 461929297934700]
[124038364868903154347865, 949, 1991675518488613612, 1991675518488613612]
[522609378377783203125, 4, 199360055871868463, -199360055871868463]
[130693015768062664665, 1, 9168840351103232, -9168840351103232]
[6143077801701783407650, 47, 75125106336316491, 75125106336316491]
[62900003535558909005096, 481, 32252738911886646639, 32252738911886646639]
[38681156198458762174771, 296, 6690445631713122741, -6690445631713122741]
[26268729013562763780818, 201, 2410092728403566479, -2410092728403566479]
[77699961386498727239843750, 594473, 1041595781169396810469, 1041595781169396810469]
[109267827625250862840475, 836, 801292616952878583, 801292616952878583]
[81695451158886664874372, 625, 6585778628059938747, 6585778628059938747]
[130696150834191867353, 1, 6033774221900544, -6033774221900544]
[130704329258624406065, 1, 2144650210638168, 2144650210638168]
[368709334017906569447497, 2821, 1528762428669789940, -1528762428669789940]
[734286238428868706839071, 5618, 1365298800158793725, 1365298800158793725]
[38813228793376575657375839, 296803, 20428295045544104242548, 20428295045544104242548]
[280819630393218185668287355, 2148796, 32701084602885133714657, -32701084602885133714657]
[130715967961956163072, 1, 13783353542395175, 13783353542395175]
[130716728192263936800, 1, 14543583850168903, 14543583850168903]
[130727698244101034041, 1, 25513635687266144, 25513635687266144]
[41302211498650163644765, 316, 321162391412989313, 321162391412989313]
[130713763655736903447, 1, 11579047323135550, 11579047323135550]
[109227389213356692490961531, 835758, 8007190601981339099395, -8007190601981339099395]
[82002597715846126070089581, 627497, 12631019379688043974228, -12631019379688043974228]
[69131175498419362676777, 529, 10280159431520540736, -10280159431520540736]
[130696102154044975862, 1, 6082454368792035, -6082454368792035]
[9283150206707131766671, 71, 3295099509754245984, 3295099509754245984]
[11109882008165882963681, 85, 196316450712692436, 196316450712692436]
[130706465862568292825, 1, 4281254154524928, 4281254154524928]
[50582471781114671878375, 387, 726337658543702236, 726337658543702236]
[914932684392504465375, 7, 17392133608090096, 17392133608090096]
[7913065671543136426918024, 60543, 36691204058322870047, -36691204058322870047]
[3790369470216089369680, 29, 6116572090100667, 6116572090100667]
[2281909547617349383008902, 17459, 19893460946590704821, -19893460946590704821]
[23790477752220786323329, 182, 2680153489480566075, 2680153489480566075]
[6143179443868604931079, 47, 176767273157839920, 176767273157839920]
[25126466305989309682037513137, 192241049, 141230276192715475709184, 141230276192715475709184]
[72278785438643652662651, 553, 477350190839015610, 477350190839015610]
[39342099750342497776447, 301, 742183209953639450, 742183209953639450]
[264148640701373270040509, 2021, 474392230954879328, -474392230954879328]
[130720219093074183417, 1, 18034484660415520, 18034484660415520]
[1176449100005116929823, 9, 129438529393018750, 129438529393018750]
[14508032999809234414295, 111, 90508275306177728, 90508275306177728]
[131119693398650801739983, 1003, 25402236411792539292, 25402236411792539292]
[91872696570026426778618, 703, 10939209688452052973, -10939209688452052973]
[5270786799099963558567225, 40328, 170901788146873182991, -170901788146873182991]
[446822879939148877229953750, 3418801, 21879502280720870077747, -21879502280720870077747]
[1699129771125343275675, 13, 1371215964293014, 1371215964293014]
[914036213957781220736, 7, 879078301115154543, -879078301115154543]
[522787492270294340125, 4, 21246163360731463, -21246163360731463]
[914913324267814458639, 7, 1967991081916640, -1967991081916640]
[22098306702851436127259, 169, 9637504029509352666, 9637504029509352666]
[5097003530758303784998, 39, 381668969833162985, -381668969833162985]
[248074506167675605941225, 1898, 1759780906274472719, 1759780906274472719]
[35681873168331733401425, 273, 176770234774765544, 176770234774765544]
[4393471540984386038864403, 33614, 48307557165644774645, 48307557165644774645]
[12083595932773954859685233, 92455, 474545196940051231902, -474545196940051231902]
[3006233585357666015625, 23, 83339364149353994, 83339364149353994]
[6143002303225146484375, 47, 373370300606784, -373370300606784]
[130698894819697031802, 1, 3289788716736095, -3289788716736095]
[130683021552584683616, 1, 19163055829084281, -19163055829084281]
[6927191085639383914740, 53, 24698606545783801, -24698606545783801]
[71363392302961183691465, 546, 493232733580297, -493232733580297]
[141288089060813158735232, 1081, 972500882124361425, -972500882124361425]
[2527845783049288449628672, 19343, 326573831259062802999, -326573831259062802999]
[261403051362969843407, 2, 1317853857692387, -1317853857692387]
[8103522106390119819989, 62, 13339331533789625, -13339331533789625]
[2483492566671294105928, 19, 151059111432515885, 151059111432515885]
[3006177600319810979584, 23, 27354326294317953, 27354326294317953]
[4051762628227962635637, 31, 5094632864169170, -5094632864169170]
[130697277133426587081, 1, 4907474987180816, -4907474987180816]
[61815040203010858913097, 473, 7093116768853302184, -7093116768853302184]
[4836485138091677433129, 37, 504307580368020940, 504307580368020940]
[130716959998959387365, 1, 14775390545619468, 14775390545619468]
[11106331993883228859341, 85, 3353697831941411904, -3353697831941411904]
[130730540982315275313, 1, 28356373901507416, 28356373901507416]
[653521400191108458801, 5, 10477149039619316, 10477149039619316]
[12416646925150276069503, 95, 60612649031880712, -60612649031880712]
[15543609288275308719769, 119, 9950680125929659974, -9950680125929659974]
[1437722794857114441711, 11, 1235835437005156, -1235835437005156]
[37771213732745410875017, 289, 1717619086168047216, -1717619086168047216]
[9287080482572951447687, 71, 7225375375573927000, 7225375375573927000]
[14507328077956963601935, 111, 614413576964634632, -614413576964634632]
[914979322600637663325, 7, 64030341741288046, 64030341741288046]
[12414965881358213974549, 95, 1741656441093975666, -1741656441093975666]
[140504793877378613809511, 1075, 54576666186679764, -54576666186679764]
[5749186409871860554991, 44, 1709712898345232477, -1709712898345232477]
[130709161988202876925, 1, 6977379789109028, 6977379789109028]
[914916391209046534209, 7, 1098950150158930, 1098950150158930]
[2745009188738611259741, 21, 263311961922133904, 263311961922133904]
[130695588839486765941, 1, 6595768927001956, -6595768927001956]
[130619911028755859375, 1, 82273579657908522, -82273579657908522]
[534187755540092773437500, 4087, 7927045505704042461, 7927045505704042461]
[130691115541178634893, 1, 11069067235133004, -11069067235133004]
[130698769682533381217, 1, 3414925880386680, -3414925880386680]
[201412049260987856029453, 1541, 17220577760299824, -17220577760299824]
[2353110328409939177041919, 18009, 705314202984369015154, -705314202984369015154]
[130707554835612805220, 1, 5370227199037323, 5370227199037323]
[10588784380354781560765, 81, 1907427073266361108, 1907427073266361108]
[6926857240203220774041, 53, 358544042708924500, -358544042708924500]
[914923934874017188562, 7, 8642615120813283, 8642615120813283]
[261682370253103928723433, 2002, 16596667059565393639, 16596667059565393639]
[130702638501456903999, 1, 453893043136102, 453893043136102]
[3006136170173478818084, 23, 14075820037843547, -14075820037843547]
[2264889856002631779235163, 17329, 48301076570404651950, -48301076570404651950]
[1699103487846809259402, 13, 24912062569723259, -24912062569723259]
[130703327127008749435, 1, 1142518594981538, 1142518594981538]
[94379467104126321771875, 722, 12489816851581350241, 12489816851581350241]
[151544031145637469535625, 1159, 60199184485912543002, 60199184485912543002]
[10064058631494389153125, 77, 9583353470974944, -9583353470974944]
[130706583956720015857, 1, 4399348306247960, 4399348306247960]
[443978679005914431761525, 3397, 16642108867137784584, -16642108867137784584]
[1437708591210729639607, 11, 15439481821807260, -15439481821807260]
[47181078420657006047365, 361, 2410222980364163452, -2410222980364163452]
[1045780930853033860051, 8, 163453985723716875, 163453985723716875]
[261410892490545426289, 2, 6523273717890495, 6523273717890495]
[10717571138821633183131, 82, 7999068295784423, -7999068295784423]
[251212898638119847843373, 1922, 3299820748585945339, 3299820748585945339]
[130691344461984033553, 1, 10840146429734344, -10840146429734344]
[348458594456038948881153, 2666, 6570290007843667751, 6570290007843667751]
[9279707780253128676297, 71, 147326944248844390, -147326944248844390]
[2875290704478266150867, 22, 157356906836742867, -157356906836742867]
[9019201012677018579338, 69, 750274696468594445, 750274696468594445]
[130641337508893258896, 1, 60847099520509001, -60847099520509001]
[1176286080052793169848, 9, 33581422930741225, -33581422930741225]
[1095196161794396187868719616, 8378883, 57849116096411070600565, 57849116096411070600565]
[130699755783543541952, 1, 2428824870225945, -2428824870225945]
[130700443813137312240, 1, 1740795276455657, -1740795276455657]
[212273941243892306456843, 1624, 13593439828347392115, 13593439828347392115]
[130704569040072265625, 1, 2384431658497728, 2384431658497728]
[13062226742877960205078125, 99937, 242519666913482755636, 242519666913482755636]
[2221764948165676265625, 17, 172190177357788624, -172190177357788624]
[176307654830181212885085, 1349, 9592206568960007968, -9592206568960007968]
[130706639655123960729, 1, 4455046710192832, 4455046710192832]
[113318489419606927331645, 867, 304635887809435054, -304635887809435054]
[130700891263669264512, 1, 1293344744503385, -1293344744503385]
[105437031903952730221499007, 806702, 681824023873168546687, -681824023873168546687]
[130797503385835810425, 1, 95318777422042528, 95318777422042528]
[130678986672216057471, 1, 23197936197710426, -23197936197710426]
[915026500746865714779, 7, 111208487969339500, 111208487969339500]
[1176342287961363128683, 9, 22626485639217610, 22626485639217610]
[32283440368438724004375, 247, 770160523333816, 770160523333816]
[783948602888815489957, 6, 264504761667117425, -264504761667117425]
[187036225309081966947899, 1431, 1399134441865087292, 1399134441865087292]
[208995131131383411155953, 1599, 2337942529796288650, 2337942529796288650]
[14702746809013429920257933, 112493, 334044140860071779288, -334044140860071779288]
[207946724359436411467825, 1591, 451352549893256302, -451352549893256302]
[130702376790424944482, 1, 192182011176585, 192182011176585]
[130698322994434630656, 1, 3861613979137241, -3861613979137241]
[5620199302439382810624, 43, 5364277590791053, 5364277590791053]
[1699133841206392389632, 13, 5441297013406971, 5441297013406971]
[2082967729749763037399038, 15939, 294390723744009111245, -294390723744009111245]
[14644665131326188413219051, 112047, 122547492749038336108, -122547492749038336108]
[15030564909640319346951, 115, 186320327263961204, -186320327263961204]
[1568338226592714127643598, 11999, 42713476357326647495, 42713476357326647495]
[20650787647827099106877, 158, 157520302276220849, -157520302276220849]
[3006166948411447618250, 23, 16702417930956619, 16702417930956619]
[914804565740104649005, 7, 110726518791726274, -110726518791726274]
[10325742608336779898703, 79, 270024272092234840, 270024272092234840]
[3529236560879212280779, 27, 277576452040547560, 277576452040547560]
[125623764190989598287383, 961, 18964782303967338366, 18964782303967338366]
[153970997493645252028161, 1178, 3824024933833445495, 3824024933833445495]
[47185930575788989507165, 361, 2441932151619296348, 2441932151619296348]
[130745535773892196352, 1, 43351165478428455, 43351165478428455]
[130701123716827098864, 1, 1060891586669033, -1060891586669033]
[7710144996967393970548, 59, 1283894929018335375, -1283894929018335375]
[32304415439081433291264257, 247151, 1239810927362141752810, 1239810927362141752810]
[75021191219585102448209, 574, 1862745644400324669, -1862745644400324669]
[2899525288249643163249326837, 22187500, 429432749537311965360663, -429432749537311965360663]
[542022892331760218750000, 4147, 932760668323281141, 932760668323281141]
[11107488748675506693389, 85, 2196943039663577856, -2196943039663577856]
[93445970847140385450259, 715, 6091147875458596096, -6091147875458596096]
[130703745589265429429, 1, 1560980851661532, 1560980851661532]
[217793519513358312397003, 1666, 43679955740975080601, 43679955740975080601]
[5093242479944160199357, 39, 4142719783976748626, -4142719783976748626]
[4379991400962356110143875, 33511, 30492549802334147508, 30492549802334147508]
[6953888362460990197756875025, 53193161, 1426013533914687395122608, 1426013533914687395122608]
[493932305374725805947177845, 3779309, 31637235513822789865328, -31637235513822789865328]
[130708066675346597625, 1, 5882066932829728, 5882066932829728]
[4574516894774446651137, 35, 59566520035225258, -59566520035225258]
[3790369383211529972665, 29, 6029567530703652, 6029567530703652]
[3790579500100472467990, 29, 216146456473198977, 216146456473198977]
[33850798651071745125875, 259, 1067162507420759448, -1067162507420759448]
[23991747150274943288084641, 183678, 15368714229280771700525, -15368714229280771700525]
[98213141304861848930355743, 751410, 2212768253659594870973, 2212768253659594870973]
[130701988947174021377, 1, 195661239746520, -195661239746520]
[16860728846418339129533, 129, 147031932963070820, 147031932963070820]
[1284238974891579064336517, 9826, 40691070694619019405, -40691070694619019405]
[261316234242451053589, 2, 88134974376482205, -88134974376482205]
[4052466002733450586112, 31, 698279872623781305, 698279872623781305]
[184177343903026453149746793, 1409024, 14828937340852252444265, 14828937340852252444265]
[130673830603943544533, 1, 28354004470223364, -28354004470223364]
[130714293142557715151, 1, 12108534143947254, 12108534143947254]
[78164993212706298828125, 598, 5086816874865625719, 5086816874865625719]
[653833046189027429168, 5, 322123146958589683, 322123146958589683]
[39076900720669736639950, 299, 3052477245979961253, -3052477245979961253]
[4443673258460227380675, 34, 201018225840727823, -201018225840727823]
[46268673458824709671795, 354, 100107446235836257, 100107446235836257]
[15291933303019997702440, 117, 222296164413141509, -222296164413141509]
[42233162007796812756306239, 323125, 18606203114004588114, 18606203114004588114]
[5357154488089888156750, 41, 1635080855076327027, -1635080855076327027]
[392108620190737336691, 3, 2066365496033000, 2066365496033000]
[8757387149926407077888, 67, 340781162684628789, 340781162684628789]
[27307919812720041066496, 209, 8836770438436423977, -8836770438436423977]
[2483267952828095268352, 19, 73554731766321691, -73554731766321691]
[18692711129015305254556, 143, 2298730012136445285, 2298730012136445285]
[522819415198768469881, 4, 10676765113398293, 10676765113398293]
[17207141234514010644141354, 131651, 67928631729686733407, 67928631729686733407]
[130704923724467062784, 1, 2739116053294887, 2739116053294887]
[41696695167086179319337, 319, 2698277002187360194, 2698277002187360194]
[7711172858530611505035, 59, 256033365800800888, -256033365800800888]
[130701619558215820170, 1, 565050197947727, -565050197947727]
[1437129047474127410867, 11, 594983218424036000, -594983218424036000]
[3006150782174086990066, 23, 536180570328435, 536180570328435]
[130758796967753746675, 1, 56612359339978778, 56612359339978778]
[130663406745437966200, 1, 38777862975801697, -38777862975801697]
[130707391778713541625, 1, 5207170299773728, 5207170299773728]
[3267362965693954023299, 25, 191649516390174126, -191649516390174126]
[261404377107581462755, 2, 7890753926961, 7890753926961]
[11806058980379412036061246563, 90343610, 2048212031124129455841607, -2048212031124129455841607]
[6665344834533978973625, 51, 466580495123189122, -466580495123189122]
[130702496656114944288, 1, 312047701176391, 312047701176391]
[130701583979958071944, 1, 600628455695953, -600628455695953]
[1437734155171087949959, 11, 10124478536503092, 10124478536503092]
[3790286089818460174459, 29, 77263825539094554, -77263825539094554]
[3791152497360312322576, 29, 789143716313053563, 789143716313053563]
[55809430483773777928832, 427, 402344018900963187, -402344018900963187]
[130695743556008274658, 1, 6441052405493239, -6441052405493239]
[44830255328399898214924, 343, 593992286024173747, -593992286024173747]
[165335102184925603960659, 1265, 3161344717812429046, -3161344717812429046]
[130701836677893508566, 1, 347930520259331, -347930520259331]
[130686125294984856366, 1, 16059313428911531, -16059313428911531]
[228603940134928204017535, 1749, 5819254812523965682, 5819254812523965682]
[130682491703610522784, 1, 19692904803245113, -19692904803245113]
[1428999000918939787853824, 10933, 32016595152063435923, 32016595152063435923]
[4386337559663196623212770681, 33545375, 1883763654728623944944306, 1883763654728623944944306]
[151484797390509474905595, 1159, 965429357917912972, 965429357917912972]
[9006228984136081833538667, 68921, 1896281260403463690470, -1896281260403463690470]
[130711411745618927047, 1, 9227137205159150, 9227137205159150]
[130706687752914618631, 1, 4503144500850734, 4503144500850734]
[130741824884393263541, 1, 39640275979495644, 39640275979495644]
[130689946717668252805, 1, 12237890745515092, -12237890745515092]
[127844055041833968285812668317, 978284461, 19861179330590706283080200, -19861179330590706283080200]
[2221948079806996820950, 17, 10941463962766701, 10941463962766701]
[6927318287475995060225, 53, 102503230065361684, 102503230065361684]
[55139875956729682443098839, 421875, 108174944875888448036, -108174944875888448036]
[130702508161186665326, 1, 323552772897429, 323552772897429]
[47441634160480147563451, 363, 3258852374050183160, -3258852374050183160]
[18188391281601373703184314, 139159, 5973679122176405691, 5973679122176405691]
[130702189746992193596, 1, 5138578425699, 5138578425699]
[15076599483560216314642943, 115351, 28213204920226043904, -28213204920226043904]

