N indicates the RSA integer, Dim indicates the smooth bound of |u-vN|

The first element in the list represents the value of u, the second is the value of v,the third is the value of |u-vn |, and the fourth is the value of u-vn

N = 18446787952707673019, Dim = 968
[7176178394553693489839567, 389017, 64285555212655007244, 64285555212655007244]
[2268958460199262480495, 123, 3542016218699158, 3542016218699158]
[774765347277769967207, 42, 253264047700409, 253264047700409]
[479616435363604545881, 26, 51406794952613, -51406794952613]
[977679734648841613445, 53, 26844665056562, -26844665056562]
[5362936541268311083021965963422, 290724679231, 30875097646660757595033, 30875097646660757595033]
[112709873923506114973711, 6110, 467537767172379, -467537767172379]
[14148615544003272244676, 767, 70815723512960897, -70815723512960897]
[1235920396298730353288, 67, 14396532683738985, -14396532683738985]
[3744698798949656358382, 203, 844549998735525, 844549998735525]
[1309707473553999816989, 71, 14471088244967360, -14471088244967360]
[295720431758725033176664, 16031, 25911131672990925, -25911131672990925]
[155584787244681537026197459, 8434261, 236960110633918706500, -236960110633918706500]
[40269261560446892679277, 2183, 76540313957521200, -76540313957521200]
[5441612607291193617099, 295, 189838757569923506, -189838757569923506]
[18447195620214766075, 1, 407667507093056, 407667507093056]
[143940288988012474908850, 7803, 2593034502341593, 2593034502341593]
[239808108390704521065, 13, 134994495228182, -134994495228182]
[18446796273109541679, 1, 8320401868660, 8320401868660]
[8485499502266387785327, 460, 22955979141803413, -22955979141803413]
[18446782825455967125, 1, 5127251705894, -5127251705894]
[166021089693718717675, 9, 1880650339496, -1880650339496]
[2047593951182111558149, 111, 488431559853040, 488431559853040]
[18446433335927295101, 1, 354616780377918, -354616780377918]
[9758370966476965824485, 529, 20139494606797434, 20139494606797434]
[92233797446707670533, 5, 142316830694562, -142316830694562]
[55340807459407424123, 3, 443601284405066, 443601284405066]
[112213032566411831994790, 6083, 1221450091057020213, 1221450091057020213]
[41744747189574310469198, 2263, 333947403153572799, -333947403153572799]
[1604871880900470794521, 87, 1329014903241868, 1329014903241868]
[92234017601489805652, 5, 77837951440557, 77837951440557]
[178302365587076014894868167, 9665769, 25555779277034318444, -25555779277034318444]
[1567977354057230241929, 85, 378077078035314, 378077078035314]
[373621251145518950783375, 20254, 7951377741456549, 7951377741456549]
[6804112369045867124356250, 368851, 3814098310776374919, -3814098310776374919]
[31027492693903829145737, 1682, 4642550476872221, -4642550476872221]
[772459530071791247949601, 41875, 284552157440278976, 284552157440278976]
[25585702219744694660633, 1387, 7329339152183280, 7329339152183280]
[18446691091979041034, 1, 96860728631985, -96860728631985]
[11271004471045247082649, 611, 17031940858868040, 17031940858868040]
[534955251514693932637, 29, 1599113828584914, -1599113828584914]
[2859252150932777316262, 155, 18263087998317, 18263087998317]
[667386316927479061316863, 36179, 24413531840837538, -24413531840837538]
[19878737711427308909513227, 1077626, 602897249935259667, -602897249935259667]
[350488383932928042802, 19, 587168517744559, -587168517744559]
[18446741246610280175, 1, 46706097392844, -46706097392844]
[91514414399236570708213, 4961, 100634146195139046, -100634146195139046]
[14191134416145803692412375, 769301, 1997339838131222656, 1997339838131222656]
[57904481451276190836875, 3139, 14067726805230234, 14067726805230234]
[16584028781476409613250, 899, 366411992211569169, 366411992211569169]
[20531275739418830271875, 1113, 748055190201728, 748055190201728]
[18448476884320808191, 1, 1688931613135172, 1688931613135172]
[629987529946949668353445, 34151, 11274574029927081576, 11274574029927081576]
[239809932816755453843, 13, 1689431555704596, 1689431555704596]
[18447058441658948333, 1, 270488951275314, 270488951275314]
[341113539184654555667737, 18491, 13983151136973873408, 13983151136973873408]
[28426526605054251425479, 1541, 26369931727303200, 26369931727303200]
[18448881679181470671, 1, 2093726473797652, 2093726473797652]
[350472852199949696910, 19, 16118901496090451, -16118901496090451]
[4814028031255483984375, 261, 583624401218673584, -583624401218673584]
[18447225078343359375, 1, 437125635686356, 437125635686356]
[92233939625447078151, 5, 138091286944, -138091286944]
[18447008107482416250, 1, 220154774743231, 220154774743231]
[498066623177397745625, 27, 3348454290574112, 3348454290574112]
[1678658823486712890625, 91, 1119790314645896, 1119790314645896]
[977596172117386400215, 53, 83589376120269792, -83589376120269792]
[93745891488599427052183, 5082, 684887060967230375, -684887060967230375]
[350527282206883490995, 19, 38311105437703634, 38311105437703634]
[35509709639271739356257, 1925, 357169690531205318, -357169690531205318]
[2269413477573342038409767, 123025, 2610308519434752708, -2610308519434752708]
[202914364952882860375, 11, 302526901542834, -302526901542834]
[3744661753488384937585, 203, 36200911272685272, -36200911272685272]
[313593875879102657636, 17, 1519316927783687, -1519316927783687]
[351556752251132683570315, 19057, 16314236382558847232, 16314236382558847232]
[313601676958131396625, 17, 6281762100955302, 6281762100955302]
[2361298295223888122755, 128, 109437277305976323, 109437277305976323]
[55207693274852613947392, 2993, 3543067601451398475, -3543067601451398475]
[202933970219934340096, 11, 19302740149936887, 19302740149936887]
[1346615489424892178200, 73, 31122767952187, -31122767952187]
[18446461071224372382, 1, 326881483300637, -326881483300637]
[2468997981536217389683512, 133837, 135222309680555839609, 135222309680555839609]
[1457254321212433646574, 79, 41927051472521927, -41927051472521927]
[18446397984447627264, 1, 389968260045755, -389968260045755]
[313600088348077556032, 17, 4693152047114709, 4693152047114709]
[2859267480978613319552, 155, 15348308924001607, 15348308924001607]
[18446891255216414720, 1, 103302508741701, 103302508741701]
[424272610046212325775, 23, 3512866064153662, -3512866064153662]
[9826112901476266468318102, 532703, 546381294969071922255, -546381294969071922255]
[18446980192982233035, 1, 192240274560016, 192240274560016]
[8872861363272665341550, 481, 43641979725380589, -43641979725380589]
[41690381519475458670400, 2261, 17806041596590025559, -17806041596590025559]
[18446460531958741620, 1, 327420748931399, -327420748931399]
[590253511349972240563, 32, 43703136673296045, -43703136673296045]
[184467922797313418062241, 10000, 43270236687872241, 43270236687872241]
[3873846213802205101667, 210, 20743733593767677, 20743733593767677]
[147574014620768985465, 8, 289000892398687, -289000892398687]
[10860886863240939420518, 589, 4271240903879987673, -4271240903879987673]
[313498201954361321423, 17, 97193241669119900, -97193241669119900]
[28352554413255401620115, 1537, 158670056291810088, -158670056291810088]
[18447673354864415145, 1, 885402156742126, 885402156742126]
[276703007059064198587, 15, 1187768449103302, 1187768449103302]
[92233761129655651534, 5, 178633882713561, -178633882713561]
[276707826746796271057, 15, 6007456181175772, 6007456181175772]
[85291424734010857928741, 4623, 11924028643285561904, 11924028643285561904]
[498064760151524336183, 27, 1485428417164670, 1485428417164670]
[18944848066684439943054, 1027, 3160746340247459, -3160746340247459]
[8061250212926577703953, 437, 3877593324594650, 3877593324594650]
[14369950449804915321692, 779, 97365354361960109, -97365354361960109]
[7636747004479201776073, 414, 223207941774853793, -223207941774853793]
[18447076449654389459, 1, 288496946716440, 288496946716440]
[2048114537941204143125, 111, 521075190652438016, 521075190652438016]
[55337589508953640733, 3, 2774349169378324, -2774349169378324]
[18447353320757139415, 1, 565368049466396, 565368049466396]
[695517322171571100303169625, 37704147, 3082475148051233140168, -3082475148051233140168]
[20675788398240420303353, 1121, 3060896744881150946, -3060896744881150946]
[534990854590713302711, 29, 34003962190785160, 34003962190785160]
[3449048549283428035181, 187, 500797872906819372, -500797872906819372]
[17534080524568047582471727, 950521, 21192972397516778828, 21192972397516778828]
[18449815441736590935, 1, 3027489028917916, 3027489028917916]
[682279295635012151723, 37, 251858615171749980, -251858615171749980]
[47853127353233972895175121, 2594147, 552273918778944044672, -552273918778944044672]
[7932127037086171426397, 430, 8217421872028227, 8217421872028227]
[1790329385126581275525863, 97051, 50167528348901358894, 50167528348901358894]
[18448088142721842731, 1, 1300190014169712, 1300190014169712]
[867132851759718685141, 47, 133817982458053248, 133817982458053248]
[10200266086643347117521, 553, 807651203996061986, -807651203996061986]
[18444458446127313677, 1, 2329506580359342, -2329506580359342]
[572038494171106688095, 31, 188067637168824506, 188067637168824506]
[2120756199003054800407, 115, 624415558327596778, -624415558327596778]
[18445385318437968099, 1, 1402634269704920, -1402634269704920]
[17727492877223405108162, 961, 129654671331336903, 129654671331336903]
[18446425499526082201, 1, 362453181590818, -362453181590818]
[21379287831622423761971, 1159, 539405565769267050, -539405565769267050]
[910498433973752910628155, 49358, 1874204007585756353, 1874204007585756353]
[3883274767442698878310665, 210511, 22988730253923407956, 22988730253923407956]
[1125289655911713735185, 61, 35590796545681026, 35590796545681026]
[33739201227687066829311, 1829, 26062184732877560, 26062184732877560]
[18446892682774419604, 1, 104730066746585, 104730066746585]
[18447111549811953008, 1, 323597104279989, 323597104279989]
[202921403270480415209, 11, 6735790696012000, 6735790696012000]
[376027715338263042961423, 20384, 8389710269836142127, 8389710269836142127]
[166016394066268931564, 9, 4697508100125607, -4697508100125607]
[286368079323712627234497, 15523, 18589933831418960560, 18589933831418960560]
[424207866060640407337, 23, 68256851636072100, -68256851636072100]
[70870345627412861923859921, 3841966, 1586496099625754255433, -1586496099625754255433]
[18444670072167968750, 1, 2117880539704269, -2117880539704269]
[1125197550170898437500, 61, 56514944269616659, -56514944269616659]
[129122719677707421875, 7, 4795991246289258, -4795991246289258]
[36893334592096345625, 2, 241313319000413, -241313319000413]
[18445800388818359375, 1, 987563889313644, -987563889313644]
[534975283403183943281, 29, 18432774661425730, 18432774661425730]
[165613907857079540828125, 8978, 1354382329947536457, -1354382329947536457]
[252956038457614932027367, 13718, 96998677628926447275, -96998677628926447275]
[350455197598683712686, 19, 33773502762074675, -33773502762074675]
[479562362846144962197, 26, 54123924254536297, -54123924254536297]
[1088348350425515861374, 59, 12138784236846747, -12138784236846747]
[571913285970506188436, 31, 62859436568324847, 62859436568324847]
[571768848293588976100, 31, 81578240348887489, -81578240348887489]
[18446261457934526411, 1, 526494773146608, -526494773146608]
[55340413470461526290, 3, 49612338507233, 49612338507233]
[18446430255908893259, 1, 357696798779760, -357696798779760]
[350660944111110790010, 19, 171973009665002649, 171973009665002649]
[129143268506820964253, 7, 15752837867253120, 15752837867253120]
[18446774161340266175, 1, 13791367406844, -13791367406844]
[350489323453340239581, 19, 352351894452220, 352351894452220]
[98383058538904717847155999, 5333378, 634498731425863572183, -634498731425863572183]
[203040183170880520192, 11, 125515691096116983, 125515691096116983]
[18448542246411591860, 1, 1754293703918841, 1754293703918841]
[350489404485231938248, 19, 433383786150887, 433383786150887]
[18447145830570404766, 1, 357877862731747, 357877862731747]
[350480627067049829980, 19, 8344034395957381, -8344034395957381]
[18446683321005651712, 1, 104631702021307, -104631702021307]
[21011325361188799250432, 1139, 433883054759681791, 433883054759681791]
[92234914000113049088, 5, 974236574683993, 974236574683993]
[18446751555048461792, 1, 36397659211227, -36397659211227]
[92232862485874475008, 5, 1077277663890087, -1077277663890087]
[904022979985212925487, 49, 130370302536947556, 130370302536947556]
[866984299842112168873, 47, 14733935148463020, -14733935148463020]
[18450018126056387584, 1, 3230173348714565, 3230173348714565]
[424271443453197189376, 23, 4679459079290061, -4679459079290061]
[8909077560080770519057, 483, 721021077035549120, -721021077035549120]
[1051466563019274001408, 57, 350285063360675, -350285063360675]
[18449109400837220235, 1, 2321448129547216, 2321448129547216]
[18447315781148701155, 1, 527828441028136, 527828441028136]
[18443640021880846761, 1, 3147930826826258, -3147930826826258]
[18446785896351615957, 1, 2056356057062, -2056356057062]
[5515529371861705555023, 299, 60225997888677658, -60225997888677658]
[36893574329197962033, 2, 1576217384005, -1576217384005]
[18446888145359724544, 1, 100192652051525, 100192652051525]
[202913980202493165568, 11, 687277291237641, -687277291237641]
[202925424728111828889, 11, 10757248327425680, 10757248327425680]
[1420401262598388286382, 77, 1409760102536081, -1409760102536081]
[44530196595814452998293, 2414, 349522021869669573, -349522021869669573]
[18440831226425902525, 1, 5956726281770494, -5956726281770494]
[102474530714899187604375, 5548, 131751153277017694963, 131751153277017694963]
[92234364325317218939, 5, 424561778853844, 424561778853844]
[461155279936611159167, 25, 14418881080666308, -14418881080666308]
[424280257858153049375, 23, 4134945876569938, 4134945876569938]
[18446837704586666215, 1, 49751878993196, 49751878993196]
[18509337141458935523750, 1003, 7208824893139485693, 7208824893139485693]
[130015610878688543722247, 7049, 15797399947843388684, -15797399947843388684]
[16547569630827682146875, 897, 800837248899448832, 800837248899448832]
[4511403502213201129152269, 244559, 75487286965323298648, 75487286965323298648]
[37170286710806310990949, 2015, 8986100349857664, 8986100349857664]
[94392202614844535061625, 5117, 11339160627776598, -11339160627776598]
[1125551045767922699211, 61, 296980652754645052, 296980652754645052]
[69736307359166892828417, 3782, 29444677973526529441, -29444677973526529441]
[2047588923663479843053, 111, 4539087071862056, -4539087071862056]
[3818510737138044110933, 207, 25630927555796000, 25630927555796000]
[166021174365233149039, 9, 82790864091868, 82790864091868]
[146289727165966711340393, 7930, 6698700994864299723, 6698700994864299723]
[977732311382791385187, 53, 52549889284715180, 52549889284715180]
[4501007158207846151529, 244, 9102252826065107, -9102252826065107]
[82810005717777831970745, 4489, 2374598073087788454, 2374598073087788454]
[866996541673871843143, 47, 2492103388788750, -2492103388788750]
[6952629207159664212723, 377, 1809851011128515440, -1809851011128515440]
[18447801232366190587, 1, 1013279658517568, 1013279658517568]
[265978863949853389303579, 14413, 105309187477698080732, 105309187477698080732]
[308346737406591973728596347, 16715503, 601957256992743517210, -601957256992743517210]
[73787545377544039041, 4, 393566713346965, 393566713346965]
[534971059874127240821, 29, 14209245604723270, 14209245604723270]
[7509056735797348997941, 407, 1214039045326079208, 1214039045326079208]
[103449972294314959122205, 5609, 18061332422378841366, -18061332422378841366]
[37981890346257896369331, 2059, 46048367202376790, -46048367202376790]
[166115361853917078125, 9, 94270279548020954, 94270279548020954]
[866936520285273103125, 47, 62513491987528768, -62513491987528768]
[18446504785234246875, 1, 283167473426144, -283167473426144]
[61380871271804687088143350, 3326427, 18977762643160450570237, 18977762643160450570237]
[18447071692805802675, 1, 283740098129656, 283740098129656]
[166019579482692537625, 9, 1512091676519546, -1512091676519546]
[313581583750498903125, 17, 13811445531538198, -13811445531538198]
[35552095075284468501015, 1927, 5134690416782593402, 5134690416782593402]
[276734008523137125451, 15, 32189232522030166, 32189232522030166]
[18446536518011560665, 1, 251434696112354, -251434696112354]
[11270990104947003796875, 611, 2665842615582266, 2665842615582266]
[571830510991291075839, 31, 19915542646787750, -19915542646787750]
[424282359598775730717, 23, 6236686499251280, 6236686499251280]
[866744324814029761165, 47, 254708963230870728, -254708963230870728]
[13484756422759503351641, 731, 154429330194374752, 154429330194374752]
[479567735019415812915, 26, 48751750983685579, -48751750983685579]
[368928217407958300919, 20, 7541646195159461, -7541646195159461]
[9094246559523673745499, 493, 19901161209052868, -19901161209052868]
[313596689449586749074, 17, 1294253556307751, 1294253556307751]
[21398077640337470655453, 1160, 196384803430046587, -196384803430046587]
[18446678167671625716, 1, 109785036047303, -109785036047303]
[655046622971296218596349, 35510, 1182770646749691659, 1182770646749691659]
[2601076611965377001623, 141, 79510633595105944, 79510633595105944]
[866990842691376813971, 47, 8191085883817922, -8191085883817922]
[52557349408395565759986, 2849, 2450531131405328855, 2450531131405328855]
[18446452373256791163, 1, 335579450881856, -335579450881856]
[977632013860762190140, 53, 47747632744479867, -47747632744479867]
[2121424848089776507733, 115, 44233528394110548, 44233528394110548]
[20678895968142975990497, 1121, 46673157674536198, 46673157674536198]
[47926061508787055648951, 2597, 19753195605228818608, 19753195605228818608]
[166084163716637398729, 9, 63072142268341558, 63072142268341558]
[186814052108060885809749, 10127, 3430510990281146336, 3430510990281146336]
[18444917321315619225, 1, 1870631392053794, -1870631392053794]
[33443967840262396304945, 1813, 58717996614878502, -58717996614878502]
[748012284493170570365345, 40549, 13479798827137117914, 13479798827137117914]
[187107390643206889035175, 10143, 1620438892961603458, 1620438892961603458]
[455304680737262700854835, 24682, 1060488531915399877, 1060488531915399877]
[5330956021144333256375, 289, 165697188184246116, -165697188184246116]
[977699707940690314839, 53, 19946447183644832, 19946447183644832]
[55336269709517037137, 3, 4094148605981920, -4094148605981920]
[1235918918080780998505, 67, 15874750633093768, -15874750633093768]
[10200369355967918739645, 553, 704381879424439862, -704381879424439862]
[2047953437700500922845, 111, 359974949949217736, 359974949949217736]
[2933439913576176904867, 159, 400629095656894846, 400629095656894846]
[18448556195630081521, 1, 1768242922408502, 1768242922408502]
[72919086028893003800714, 3953, 1066748160427643393, -1066748160427643393]
[977717649624863020775, 53, 37888131356350768, 37888131356350768]
[115120331001031518154685, 6241, 6072611817069156894, -6072611817069156894]
[682541199814888706435, 37, 10045564704804732, 10045564704804732]
[2610267110242361626080110515, 141502193, 6161128245605964679848, 6161128245605964679848]
[36886977263749631129, 2, 6598641665714909, -6598641665714909]
[9756457939005663787371, 529, 1892887976695239680, -1892887976695239680]
[110672997545354596583, 6, 7730170891441531, -7730170891441531]
[1199085601299833991469, 65, 44384373835245234, 44384373835245234]
[62359100839292639175383, 3381, 9489228812003301856, -9489228812003301856]
[4353520844101843672125, 236, 78887262832839641, 78887262832839641]
[571873804843017578125, 31, 23378309079714536, 23378309079714536]
[1309709679745839843750, 71, 12264896404940599, -12264896404940599]
[18446861514107630625, 1, 73561399957606, 73561399957606]
[8663232912411599952277, 470, 6757425361006366653, -6757425361006366653]
[793210899586785952489, 43, 982379643987328, -982379643987328]
[92233719558676801399, 5, 220204861563696, -220204861563696]
[14739046075559557371125, 799, 62501346126628944, 62501346126628944]
[18447998609434299334, 1, 1210656726626315, 1210656726626315]
[129134950899203536375, 7, 7435230249825242, 7435230249825242]
[424277481448449615525, 23, 1358536173136088, 1358536173136088]
[5866069508382640882127, 318, 9060578399137915, -9060578399137915]
[11123347298031088795675, 603, 65837451638034782, -65837451638034782]
[18446268938239096500, 1, 519014468576519, -519014468576519]
[18446969507587049457, 1, 181554879376438, 181554879376438]
[2361226478510396825405, 128, 37620563814678973, 37620563814678973]
[571853897631985684695, 31, 3471098047821106, 3471098047821106]
[414021173956489005027814, 22445, 16981642034715883641, -16981642034715883641]
[13576560696924091584375, 736, 275236268755757609, -275236268755757609]
[40451814938777447171395, 2193, 1991041510479759272, -1991041510479759272]
[202915943994987454738, 11, 1276515203051529, 1276515203051529]
[202922353925881741263, 11, 7686446097338054, 7686446097338054]
[90646315457141151571903, 4913, 17246245488354029556, 17246245488354029556]
[22522508197314665498543, 1221, 1019892941403257656, -1019892941403257656]
[1466641414627166369378787, 79507, 7355128762589342846, -7355128762589342846]
[2286430433827220376113, 124, 971272308531078243, -971272308531078243]
[18445033919238220877, 1, 1754033469452142, -1754033469452142]
[18444769466496626317, 1, 2018486211046702, -2018486211046702]
[2176878931645281590991, 118, 157953225776174749, 157953225776174749]
[867086060909143066134, 47, 87027131882434241, 87027131882434241]
[276056477962258894092907, 14965, 296249988567363572, 296249988567363572]
[756316064057882648710, 41, 2242003131945069, -2242003131945069]
[92275065904164835328, 5, 41126140626470233, 41126140626470233]
[18448510141047866880, 1, 1722188340193861, 1722188340193861]
[18441021964366921920, 1, 5765988340751099, -5765988340751099]
[18443766164064000331, 1, 3021788643672688, -3021788643672688]
[166010961028059093793, 9, 10130546309963378, -10130546309963378]
[1254427587592632500481, 68, 46006808510735189, 46006808510735189]
[4334992362516337594072, 235, 2806369965565393, -2806369965565393]
[41007262408407535568177, 2223, 52789538378446940, 52789538378446940]
[165989289584677528394, 9, 31801989691528777, -31801989691528777]
[682481081790044815553, 37, 50072460139086150, -50072460139086150]
[424303920845797059093, 23, 27797933520579656, 27797933520579656]
[239794894115598150890, 13, 13349269601598357, -13349269601598357]
[957323174573756069166802, 51903, 120460535630283538355, -120460535630283538355]
[239807064297829618179, 13, 1179087370131068, -1179087370131068]
[202839996429443359375, 11, 74671050341043834, -74671050341043834]
[18447666249020421875, 1, 878296312748856, 878296312748856]
[18448597341113281250, 1, 1809388405608231, 1809388405608231]
[18446723707041829375, 1, 64245665843644, -64245665843644]
[571847681427001953125, 31, 2745106935910464, -2745106935910464]
[18446753964287928125, 1, 33988419744894, -33988419744894]
[39457704274982694765625, 2139, 24844140982177984, 24844140982177984]
[719436942876723291941, 39, 12212721124044200, 12212721124044200]
[1420407973046484447441, 77, 5300687993624978, 5300687993624978]
[498209796260074667197, 27, 146521536967495684, 146521536967495684]
[1494187323288770175845, 81, 2500880551338694, -2500880551338694]
[239808467696774446085, 13, 224311574696838, 224311574696838]
[60645166873931884765625, 3283, 84362025192594244248, 84362025192594244248]
[18446917781982421875, 1, 129829274748856, 129829274748856]
[2305825056082146959437, 125, 23438006312167938, -23438006312167938]
[1346608339397094921875, 73, 7181150565208512, -7181150565208512]
[53141211363545422612995, 2881, 3984728205383354744, -3984728205383354744]
[288249557589212774006409, 15625, 18495828155383084534, 18495828155383084534]
[571918004041513553225, 31, 67577507575689636, 67577507575689636]
[571904699975290532789, 31, 54273441352669200, 54273441352669200]
[18451442549652778575, 1, 4654596945105556, 4654596945105556]
[18439679311287933589, 1, 7108641419739430, -7108641419739430]
[4782886280619249365914, 259, 5168200867962053993, 5168200867962053993]
[34047208767995015587529, 1846, 5561792703348805545, -5561792703348805545]
[115124171753863423945781, 6241, 2231858985163365798, -2231858985163365798]
[313587393469007073515, 17, 8001727023367808, -8001727023367808]
[36905476724317424141, 2, 11900818902078103, 11900818902078103]
[18449243991223635179, 1, 2456038515962160, 2456038515962160]
[30123398657018919453565, 1633, 206069752710586462, -206069752710586462]
[18431985872862235667, 1, 14802079845437352, -14802079845437352]
[5960856019832790117195, 323, 2543511108211732058, 2543511108211732058]
[18446478061870988469, 1, 309890836684550, -309890836684550]
[7507916665305257295877, 407, 73968553234377144, 73968553234377144]
[1088360640097082206875, 59, 150887329498754, 150887329498754]
[327601261298963005780725, 17759, 4754046827440636304, 4754046827440636304]
[683070943473705368875, 37, 539789223521467172, 539789223521467172]
[332124398034779659375, 18, 82214886041545033, 82214886041545033]
[25488378006245918882766275, 1381913, 3478073844199661939072, -3478073844199661939072]
[53925597502004659609375, 2923, 5636316240131374838, 5636316240131374838]
[13115637357852880859375, 711, 28876522274657134, -28876522274657134]
[5329559655544160164366, 289, 1562062788357338125, -1562062788357338125]
[249542354316074393866412260, 13530647, 54621755865823945101033, -54621755865823945101033]
[571886314614109629421, 31, 35888080171765832, 35888080171765832]
[1429185655879902175885063, 77486, 182155423604575665171, -182155423604575665171]
[18441191138134235841, 1, 5596814573437178, -5596814573437178]
[18447316731075042369, 1, 528778367369350, 528778367369350]
[29477807147628545685371, 1598, 160000798315798991, -160000798315798991]
[16146602747845801803256, 875, 5663289226587911631, 5663289226587911631]
[18447384838540446250, 1, 596885832773231, 596885832773231]
[1401955268465854290825, 76, 615939928858619, -615939928858619]
[29275300416237103270625, 1587, 247935290026189472, 247935290026189472]
[18447676760453057694, 1, 888807745384675, 888807745384675]
[2490351183149197810243, 135, 34809533661952678, 34809533661952678]
[498067232989162995518, 27, 3958266055824005, 3958266055824005]
[55340548656583674116, 3, 184798460655059, 184798460655059]
[18449947735541630750, 1, 3159782833957731, 3159782833957731]
[55339216092954950000, 3, 1147765168069057, -1147765168069057]
[54265786896940185546875000, 2941759, 217584029185925825421, -217584029185925825421]
[13484569776773798828125, 731, 32216655510148764, -32216655510148764]
[313593671507348750000, 17, 1723688681691323, -1723688681691323]
[2711681539762377040625, 147, 3710714349106832, 3710714349106832]
[498106003239446642027, 27, 42728516339470514, 42728516339470514]
[208887185049397121285865, 11323, 14205060888139691728, 14205060888139691728]
[867000343816708028235, 47, 1310039447396342, 1310039447396342]
[37317829339268772608567, 2023, 22689058849908870, -22689058849908870]
[49437458716596690307863, 2680, 67003340126616943, 67003340126616943]
[1715545926973172579381, 93, 5352628641011386, -5352628641011386]
[2619411036922697860265, 142, 32852361791708433, -32852361791708433]
[18445853270178439625, 1, 934682529233394, -934682529233394]
[1125258284470830222770, 61, 4219355662168611, 4219355662168611]
[81496761547485616941349, 4418, 1147627576882456593, -1147627576882456593]
[28003072006073966666665, 1518, 847893863719023823, 847893863719023823]
[55343615902748884438, 3, 3252044625865381, 3252044625865381]
[682544319073036353986, 37, 13164822852452283, 13164822852452283]
[18447206753906913450, 1, 418801199240431, 418801199240431]
[92234076506218502856, 5, 136742680137761, 136742680137761]
[867302014196239385225, 47, 302980418978753332, 302980418978753332]
[2232051869389665795311, 121, 9472887962639988, -9472887962639988]
[682540602820991673605, 37, 9448570807771902, 9448570807771902]
[202916646268711425250, 11, 1978788927022041, 1978788927022041]
[3853352074599450292706339, 208887, 57879522202598786486, 57879522202598786486]
[682597602561602612863, 37, 66448311418711160, 66448311418711160]
[55338529537863506596, 3, 1834320259512461, -1834320259512461]
[110682199653275033641, 6, 1471937028995527, 1471937028995527]
[24741210739946998853632, 1343, 32825480539406010885, -32825480539406010885]
[18446667149369628686, 1, 120803338044333, -120803338044333]
[2287391142864886366429, 124, 10563270865087927, -10563270865087927]
[90629057191939521796736, 4913, 12019713275745611, -12019713275745611]
[18446927516750636444, 1, 139564042963425, 139564042963425]
[3025323709894314628545, 164, 50485650256253429, 50485650256253429]
[867000335685741867178, 47, 1301908481235285, 1301908481235285]
[94303013192076230784134244, 5112485, 5913514322456910407971, -5913514322456910407971]
[18445964954681215259, 1, 822998026457760, -822998026457760]
[276704217420430838038, 15, 2398129815742753, 2398129815742753]
[2379626592446761976351, 129, 9053452527843100, -9053452527843100]
[18446809568184827214, 1, 21615477154195, 21615477154195]
[37164090982048418922557, 2014, 12260045295165462291, 12260045295165462291]
[36893000452754505709, 2, 575452660840329, -575452660840329]
[18446579389580183894, 1, 208563127489125, -208563127489125]
[2051564494426767638069282, 111215, 4972266383783261197, 4972266383783261197]
[18437586239994296427, 1, 9201712713376592, -9201712713376592]
[682530855985365640077, 37, 298264818261626, -298264818261626]
[793225012459874786847, 43, 13130493444847030, 13130493444847030]
[8956297491479807095920491, 485514, 123685408893937773725, 123685408893937773725]
[184500573785300448281, 10, 32694258223718091, 32694258223718091]
[8285047016261853326032873, 449075, 1055716399655065025448, 1055716399655065025448]
[5515446275163272803000, 299, 143322696321429681, -143322696321429681]
[4150526749490890705963, 225, 539868335723312, -539868335723312]
[29016898057798188091920, 1573, 100608189018433033, 100608189018433033]
[405836889700753393649, 22, 7554741184587231, 7554741184587231]
[2639602622181353548238, 143, 1711944944156306521, 1711944944156306521]
[239757355207360002078, 13, 50888177839747169, -50888177839747169]
[793216874820388665240, 43, 4992853958725423, 4992853958725423]
[55338070046140075645, 3, 2293811982943412, -2293811982943412]
[8476965165565915353954472, 459553, 311578464753904946035, -311578464753904946035]
[84818385886936192983937, 4598, 54880386312442575, 54880386312442575]
[21858517125014105445406, 1185, 926598944487082109, -926598944487082109]
[4869129574124946035198293, 263891, 1188254496965494541364, 1188254496965494541364]
[239866746265340513649, 13, 58502880140764402, 58502880140764402]
[1752102521708110464871, 95, 342333799118471934, -342333799118471934]
[129130270386165979997, 7, 2754717212268864, 2754717212268864]
[3228210473504588520834, 175, 22581780745742509, 22581780745742509]
[64729879300082200175790, 3509, 100374030975552119, 100374030975552119]
[1209359315008065077668504, 65559, 6343616502742215883, 6343616502742215883]
[36894524128868562191, 2, 948223453216153, 948223453216153]
[16656302540218987992632, 903, 1146981076040743525, -1146981076040743525]
[14147793641506588721289, 767, 892718220196484284, -892718220196484284]
[18448334016627105019, 1, 1546063919432000, 1546063919432000]
[51343417910640488304607, 2783, 6007038255034292730, 6007038255034292730]
[2969955378071406111959, 161, 22517685470755900, 22517685470755900]
[652123094233299489599227, 35351, 10693317130540704558, 10693317130540704558]
[36869758299095924057, 2, 23817606319421981, -23817606319421981]
[31000251717280348198982, 1681, 8798831221250145957, -8798831221250145957]
[55338604777650482825, 3, 1759080472536232, -1759080472536232]
[18396549294205979332701153, 997195, 1504581705651336519448, 1504581705651336519448]
[18446586747999747675, 1, 201204707925344, -201204707925344]
[556224741731791712846875, 30153, 1255406202751695032, -1255406202751695032]
[125426231266290388175911, 6794, 98753915594457684825, 98753915594457684825]
[15588024230333441789947, 845, 488410295458088892, 488410295458088892]
[129127849220738743342, 7, 333551785032209, 333551785032209]
[1088362574686197919526, 59, 2085476445211405, 2085476445211405]
[36893627708680707419, 2, 51803265361381, 51803265361381]
[258268256202705970819, 14, 13224864798548553, 13224864798548553]
[18909026185697849171586, 1025, 1068534172484327111, 1068534172484327111]
[5331179846882867831950, 289, 58128550350329459, 58128550350329459]
[202763976900408779737, 11, 150690579375623472, -150690579375623472]
[905809192805036297758823, 49105, 20329612673985839172, -20329612673985839172]
[18446990899546619718, 1, 202946838946699, 202946838946699]
[1033045676274595103263, 56, 25550922965414199, 25550922965414199]
[273446401287320292369499, 14823, 9663464334455208862, 9663464334455208862]
[313572014651521060043, 17, 23380544509381280, -23380544509381280]
[1494170593750482827179, 81, 19230418838687360, -19230418838687360]
[495749816131037569611622, 26871, 66177053829687918073, 66177053829687918073]
[627184807690712414913, 34, 5982701348467733, -5982701348467733]
[55338141974893265527, 3, 2221883229753530, -2221883229753530]
[1447875041998427497209755, 78489, 5102378354949621464, 5102378354949621464]
[18433885740814746345, 1, 12902211892926674, -12902211892926674]
[2232093558429267899899, 121, 32216151639464600, 32216151639464600]
[129129280224131698537, 7, 1764555177987404, 1764555177987404]
[129129583926884871473, 7, 2068257931160340, 2068257931160340]
[64176366926837173629126, 3479, 8360632820803975, -8360632820803975]
[18455403020944233903, 1, 8615068236560884, 8615068236560884]
[129188386558039195341, 7, 60870889085484208, 60870889085484208]
[18448888691481897005, 1, 2100738774223986, 2100738774223986]
[2324605861511066247347, 126, 310579469899446953, 310579469899446953]
[756319418420341701279, 41, 1112359327107500, 1112359327107500]
[163348047087651339443829, 8855, 1739766424894860584, 1739766424894860584]
[7053305034129896752802833, 382347, 231000775976097007240, 231000775976097007240]
[98449759945064928947673984, 5337421, 8513456264011885070015, -8513456264011885070015]
[424324680075362912534, 23, 48557163086433097, 48557163086433097]
[29268632137579761952753, 1587, 6420343367315128400, -6420343367315128400]
[18453232054242658760, 1, 6444101534985741, 6444101534985741]
[18447585993933824000, 1, 798041226150981, 798041226150981]
[461146088542239593864, 25, 23610275452231611, -23610275452231611]
[793248845734941778000, 43, 36963768511838183, 36963768511838183]
[21010483464767345536000, 1139, 408013366694032641, -408013366694032641]
[2195167253553389375000, 119, 512818823714261, -512818823714261]
[60559608807623735157465, 3283, 1196041115555363912, -1196041115555363912]
[18446783804200960000, 1, 4148506713019, -4148506713019]
[92233924642979119104, 5, 15120559245991, -15120559245991]
[18441128147961144483, 1, 5659804746528536, -5659804746528536]
[181214055506525202485829, 9823, 11257447077730420192, 11257447077730420192]
[10868087043918538598853, 589, 2928939773719190662, 2928939773719190662]
[18447246868459155669, 1, 458915751482650, 458915751482650]
[977690400643579963287, 53, 10639150073293280, 10639150073293280]
[18440004868727530329, 1, 6783083980142690, -6783083980142690]
[30973001444851945958901, 1679, 844472255762960000, 844472255762960000]
[184467305303551373517, 10, 574223525356673, -574223525356673]
[13152593077970915353572, 713, 33267690344491025, 33267690344491025]
[18453258948645748667, 1, 6470995938075648, 6470995938075648]
[129123922793526779835, 7, 3592875426931298, -3592875426931298]
[867052991698562398354, 47, 53957921301766461, 53957921301766461]
[169031498050689697265625, 9163, 3580040029289392528, 3580040029289392528]
[6843820809552834256875, 371, 62479098287566826, 62479098287566826]
[8061219835235595703125, 437, 26500097657406178, -26500097657406178]
[219646119785308837890625, 11907, 215632418575253392, 215632418575253392]
[1888253316694236826953125, 102366, 70578872636829309829, -70578872636829309829]
[6068988693603966796875, 329, 4542836857626376, -4542836857626376]
[18446718156573009485, 1, 69796134663534, -69796134663534]
[18446462507569971875, 1, 325445137701144, -325445137701144]
[56591407565723569329586133, 3067825, 109685291847649927542, -109685291847649927542]
[350489097596111546611, 19, 126494665759250, 126494665759250]
[866994710591845518286, 47, 4323185415113607, -4323185415113607]
[64130535095438133969504, 3479, 45840192031860463597, -45840192031860463597]
[6659176095449225821473, 361, 114355478244138386, -114355478244138386]
[1644854419456547218101798, 89167, 9678077462138016625, 9678077462138016625]
[700932561446580748285, 38, 45380756310826437, -45380756310826437]
[18446791878391132025, 1, 3925683459006, 3925683459006]
[313496705747047488829, 17, 98689448982952494, -98689448982952494]
[5515997668396600875202, 299, 408070537006642521, 408070537006642521]
[5449559061479701490278254419, 295497298, 1416935324367670703748243, -1416935324367670703748243]
[246234784085514229126555, 13348, 7058492772209668943, 7058492772209668943]
[2619349173806958006161, 142, 94715477531562537, -94715477531562537]
[18439607385009765625, 1, 7180567697907394, -7180567697907394]
[18445417536086267375, 1, 1370416621405644, -1370416621405644]
[184470611466018712967, 10, 2731938941982777, 2731938941982777]
[793209605523814531250, 43, 2276442615408567, -2276442615408567]
[1235891284284208908421, 67, 43508547205183852, -43508547205183852]
[1365038978566043511599, 74, 23329934324291807, -23329934324291807]
[848439894454781489609, 46, 112351369771469265, -112351369771469265]
[129128166725298023936, 7, 651056344312803, 651056344312803]
[239809370442866051072, 13, 1127057666301825, 1127057666301825]
[9426464033857498775552, 511, 155390023877862843, 155390023877862843]
[461152393720790078436, 25, 17305096901747039, -17305096901747039]
[18447317654605084985, 1, 529701897411966, 529701897411966]
[1125347408103942353590, 61, 93342988774299431, 93342988774299431]
[2637921250812417122095, 143, 30573575219880378, 30573575219880378]
[34877878205069111972221, 1891, 4997813501097706708, -4997813501097706708]
[21016660679766569509769, 1139, 5769201632529941128, 5769201632529941128]
[41745186145591280849497, 2263, 105008613816807500, 105008613816807500]
[91516163114250781111009, 4961, 1648080868015263750, 1648080868015263750]
[158480507307064930359505, 8591, 4152005353311453276, 4152005353311453276]
[350488205724601582715, 19, 765376844204646, -765376844204646]
[14148725362446118549193, 767, 39002719333343620, 39002719333343620]
[1752432957520614971833, 95, 11897986613964972, -11897986613964972]
[162942484763205626380251, 8833, 2006776938750603424, 2006776938750603424]
[941598064196796469925, 51, 811878608705145956, 811878608705145956]
[10598476335982895301843, 575, 8426736824016684082, -8426736824016684082]
[166147602429862451695, 9, 126510855493394524, 126510855493394524]
[350919470330246798387, 19, 430499228801011026, 430499228801011026]
[18445798865120735625, 1, 989087586937394, -989087586937394]
[854914648637194346958911, 46345, 1739031042759106644, -1739031042759106644]
[202916222927386226310, 11, 1555447601823101, 1555447601823101]
[239730979440634820975, 13, 77263944564928272, -77263944564928272]
[18442789355650892525, 1, 3998597056780494, -3998597056780494]
[5015218745508586932029947, 271875, 1729133811670010678, -1729133811670010678]
[534953784750963123039, 29, 3065877559394512, -3065877559394512]
[6179901358097741168029, 335, 227393940670706664, 227393940670706664]
[203524506538253111494595, 11033, 1095056029355075968, 1095056029355075968]
[2846044066461717644426027, 154283, 18280754119728035650, 18280754119728035650]
[109888778496760560921175, 5957, 1262662480952746992, 1262662480952746992]
[6881666598796232858575801, 373030, 461288797689592298231, 461288797689592298231]
[682361502995835477243, 37, 169651254348424460, -169651254348424460]
[239856735771859942757, 13, 48492386660193510, 48492386660193510]
[627159622404981905001, 34, 31167987078977645, -31167987078977645]
[171016239021614576017597013, 9270831, 814580774252944811776, -814580774252944811776]
[55340223133915707994, 3, 140724207311063, -140724207311063]
[73787121006455512451, 4, 30804375179625, -30804375179625]
[55339800115825302500, 3, 563742297716557, -563742297716557]
[48610526236219856576063, 2635, 3239980835138170998, 3239980835138170998]
[1235917368953693658925, 67, 17423877720433348, -17423877720433348]
[126826455600834582904289, 6877, 32105149936084447374, -32105149936084447374]
[793245179801547178297, 43, 33297835117238480, 33297835117238480]
[571839948239552633069, 31, 10478294385230520, -10478294385230520]
[424258396839289445578, 23, 17726072987033859, -17726072987033859]
[55347795761787805705, 3, 7431903664786648, 7431903664786648]
[42646954207620226534565, 2312, 2019539039913485363, -2019539039913485363]
[18447300356009752832, 1, 512403302079813, 512403302079813]
[18447063470624817743, 1, 275517917144724, 275517917144724]
[18447388406258906204, 1, 600453551233185, 600453551233185]
[202920992836237242123, 11, 6325356452838914, 6325356452838914]
[1365123222949675535073, 74, 60914449307731667, 60914449307731667]
[18444009869669008233, 1, 2778083038664786, -2778083038664786]
[18445661693232011667, 1, 1126259475661352, -1126259475661352]
[1235916604032114233619, 67, 18188799299858654, -18188799299858654]
[1815412227842615278624657, 98415, 28408523110361540228, -28408523110361540228]
[55339343610937003007, 3, 1020247186016050, -1020247186016050]
[18944950273784226780950, 1027, 99046353446590437, 99046353446590437]
[202929991095340942622, 11, 15323615556539413, 15323615556539413]
[524019562878818570046797, 28408, 16789281701005076955, -16789281701005076955]
[3394202918264380087151, 184, 6065033831748345, -6065033831748345]
[6180728916957328267263, 335, 1054952800257805898, 1054952800257805898]
[1604850597921770376854, 87, 19953963797175799, -19953963797175799]
[568614634123522046320519650, 30828119, 65140050316469722301611, -65140050316469722301611]
[18447225366208015251, 1, 437413500342232, 437413500342232]
[1088335864791003795351, 59, 24624418748912770, -24624418748912770]
[313591666147395260625, 17, 3729048635180698, -3729048635180698]
[8869919393012958431767, 481, 2985612239432290372, -2985612239432290372]
[166007727150773482702, 9, 13364423595574469, -13364423595574469]
[18444360055153583089, 1, 2427897554089930, -2427897554089930]
[239915633372623003284, 13, 107389987423254037, 107389987423254037]
[92283390858619193303, 5, 49451095080828208, 49451095080828208]
[2453480205543066035325, 133, 57407832945523798, 57407832945523798]
[184432797689036600289, 10, 35081838040129901, -35081838040129901]
[719467958027829477593, 39, 43227872230229852, 43227872230229852]
[12857629415619403275675, 697, 218212582155181432, 218212582155181432]
[1088456526787607370625, 59, 96037577854662504, 96037577854662504]
[239808211833841030977, 13, 31551358718270, -31551358718270]
[1088363657346139648045, 59, 3168136386939924, 3168136386939924]
[49211273908769943102125855, 2667747, 89311702093471292338, -89311702093471292338]
[424276122510737473375, 23, 401539006062, -401539006062]
[12374305007359776660747, 671, 3489708907071935002, -3489708907071935002]
[3449628979832215019871, 187, 79632675880165318, 79632675880165318]
[424351979283380163417, 23, 75856371103683980, 75856371103683980]
[424273730204186706987, 23, 2392708089772450, -2392708089772450]
[18447652936950918538, 1, 864984243245519, 864984243245519]
[1578747104206325436371337, 85583, 15650849744656386260, 15650849744656386260]
[6308771578941306343373, 342, 29900884717829125, -29900884717829125]
[66390298935031030766481, 3599, 309093236115571100, 309093236115571100]
[36893400210768819093, 2, 175694646526945, -175694646526945]
[18452383103736346589, 1, 5595151028673570, 5595151028673570]
[903940180147967582906, 49, 47570465291604975, 47570465291604975]
[129124707465589388817, 7, 2808203364322316, -2808203364322316]
[2268922355596634038367, 123, 32562586409742970, -32562586409742970]
[18450656479716247172, 1, 3868527008574153, 3868527008574153]
[18450718924957260634, 1, 3930972249587615, 3930972249587615]
[36888458191853604635, 2, 5117713561741403, -5117713561741403]
[74290855809072950524607, 4028, 12806064433556395925, -12806064433556395925]
[15513368125908419545504, 841, 380542318733463475, -380542318733463475]
[98300706618614003126051, 5329, 2226381365186392200, -2226381365186392200]
[18447616336474609375, 1, 828383766936356, 828383766936356]
[18447172726217029375, 1, 384773509356356, 384773509356356]
[1014561146272299919637, 55, 12191126622096408, -12191126622096408]
[73791298565787188295, 4, 4146754956496219, 4146754956496219]
[37786873125730669617537, 2048, 7851398585355274625, 7851398585355274625]
[18447700817830366992, 1, 912865122693973, 912865122693973]
[92234522410842809088, 5, 582647304443993, 582647304443993]
[18445957645747493792, 1, 830306960179227, -830306960179227]
[3449800101475261054976, 187, 250754318926200423, 250754318926200423]
[18446774193124540416, 1, 13759583132603, -13759583132603]
[55341628548402921472, 3, 1264690279902415, 1264690279902415]
[903884052813393015936, 49, 8556869282961995, -8556869282961995]
[239812470717420307217, 13, 4227332220557970, 4227332220557970]
[22431273637421313462105, 1216, 20513071216928999, -20513071216928999]
[13047131998754761649572740, 707281, 69368775725969021401, 69368775725969021401]
[3117535725056386138112, 169, 28561048789397901, 28561048789397901]
[18446797940608679915, 1, 9987901006896, 9987901006896]
[18445070705302333105, 1, 1717247405339914, -1717247405339914]
[1088363721962669358427, 59, 3232752916650306, 3232752916650306]
[784483898067311537357493, 42527, 2653197487673121520, -2653197487673121520]
[161022254935724438835150, 8729, 242896539161052299, 242896539161052299]
[36881258572222365145, 2, 12317333192980893, -12317333192980893]
[5279204045399222894635209, 286130, 1024608490976413708739, 1024608490976413708739]
[18446489621972743955, 1, 298330734929064, -298330734929064]
[92233077258884889223, 5, 862504653475872, -862504653475872]
[571807231479461230071, 31, 43195054476633518, -43195054476633518]
[166024804846656566527, 9, 3713272287509356, 3713272287509356]
[866976280924288245750, 47, 22752852972386143, -22752852972386143]
[571853852151906242347, 31, 3425617968378758, 3425617968378758]
[13576831944014468007403, 736, 3989178379334581, -3989178379334581]
[23335506388050810409106, 1265, 319627875604040071, 319627875604040071]
[18440120650901135659, 1, 6667301806537360, -6667301806537360]
[15361235952107463542137, 833, 4938412498028082690, -4938412498028082690]
[3856877060725568423699, 209, 1498378609664762728, 1498378609664762728]
[129128485905652923416, 7, 970236699212283, 970236699212283]
[10662292248797776413801, 578, 48812132741408819, 48812132741408819]
[3331942159736781737230336, 180625, 8914221041701826539, -8914221041701826539]
[7137196106418098957005, 387, 1710831279770501348, -1710831279770501348]
[36894937463936636575, 2, 1361558521290537, 1361558521290537]
[18450049082119612483, 1, 3261129411939464, 3261129411939464]
[17506751616550285063905, 949, 749849430703368874, 749849430703368874]
[202916042125945861853, 11, 1374646161458644, 1374646161458644]
[104648646960970253838662, 5673, 18905259624801875, 18905259624801875]
[843706986796485029280970011, 45737617, 5135464672632223285712, -5135464672632223285712]
[62664015836838427468014, 3397, 277161490462222471, 277161490462222471]
[18446110576962271170, 1, 677375745401849, -677375745401849]
[332069740544708344519, 18, 27557395970230177, 27557395970230177]
[461238787916938746558129, 25004, 4698052563909608947, -4698052563909608947]
[18448536527581868981, 1, 1748574874195962, 1748574874195962]
[903902932635130077871, 49, 10322952454099940, 10322952454099940]
[682551342206811768691, 37, 20187956627866988, 20187956627866988]
[1125248722967281557281, 61, 5342147886496878, -5342147886496878]
[1088382595531362121991, 59, 22106321609413870, 22106321609413870]
[491499575879745640534743, 26645, 15089120150307056512, -15089120150307056512]
[126267068431009607138909, 6845, 1195105274414676146, -1195105274414676146]
[55335927532453529182, 3, 4436325669489875, -4436325669489875]
[866999001727649620653, 47, 32049611011240, -32049611011240]
[3818503287489465357277, 207, 18181278977042344, 18181278977042344]
[791142560045998074549715, 42883, 88952270034932475938, 88952270034932475938]
[9575673573844703444283424, 519115, 330754225140234974761, -330754225140234974761]
[18456350568863796875, 1, 9562616156123856, 9562616156123856]
[90650712122604003906250, 4913, 21642910951206363903, 21642910951206363903]
[18445473749737890625, 1, 1314202969782394, -1314202969782394]
[18447473801106796875, 1, 685848399123856, 685848399123856]
[239807557478109328125, 13, 685907090421122, -685907090421122]
[110686758200351486725, 6, 6030484105448611, 6030484105448611]
[77935841166434133910489, 4225, 1837933755784594786, -1837933755784594786]
[1125254063109454367375, 61, 2005713686784, -2005713686784]
[195001626438140869140625, 10571, 630990068057656776, 630990068057656776]
[325198536844773276953125, 17629, 112026489709301174, 112026489709301174]
[399207484754350873046875, 21641, 546669804121242696, 546669804121242696]
[1490973034891963534258109, 80817, 158972917987523881586, 158972917987523881586]
[866974792958290652727, 47, 24240818969979166, -24240818969979166]
[64199107390920981389022, 3481, 14161472454428390117, -14161472454428390117]
[2379556872568688228627, 129, 78773330601590824, -78773330601590824]
[940782817709237393345, 51, 3367878853930624, -3367878853930624]
[34106496823293766377351, 1849, 1614101262721034780, -1614101262721034780]
[92239256577091644839, 5, 5316813553279744, 5316813553279744]
[239808156489686447342, 13, 86895513301905, -86895513301905]
[6843771106983849447435, 371, 12776529302757386, 12776529302757386]
[18504548782761276018867, 1003, 2420466195479980810, 2420466195479980810]
[4814349647879105420371, 261, 262007777597237588, -262007777597237588]
[18466582794189453125, 1, 19794841481780106, 19794841481780106]
[793213838250919635200, 43, 1956284489695383, 1956284489695383]
[18434660955078125000, 1, 12126997629548019, -12126997629548019]
[92237790254551412704, 5, 3850491013047609, 3850491013047609]
[18448431337166080000, 1, 1643384458406981, 1643384458406981]
[129128105754128125000, 7, 590085174413867, 590085174413867]
[18448844256309246355, 1, 2056303601573336, 2056303601573336]
[350492392515268007754, 19, 3421413822220393, 3421413822220393]
[147609293181474211527, 8, 34989559812827375, 34989559812827375]
[80346404354397884027210145, 4356158, 10718560093267455890857, -10718560093267455890857]
[18448055036747769169, 1, 1267084040096150, 1267084040096150]
[14671921127244217631631947, 795328, 674158393129464776715, 674158393129464776715]
[21822767475084823883680, 1183, 217327031646702203, 217327031646702203]
[18446235162654282864, 1, 552790053390155, -552790053390155]
[977845458694828076536, 53, 165697201321406529, 165697201321406529]
[5274712963104248046875, 286, 1068391370146436559, -1068391370146436559]
[10350022537318115234375000, 560947, 2352175610604177386007, 2352175610604177386007]
[313597945775985234375, 17, 2550579954793052, 2550579954793052]
[848533453940819257039, 46, 18791883733701835, -18791883733701835]
[202918641662597656250, 11, 3974182813253041, 3974182813253041]
[18443167998048588080, 1, 3619954659084939, -3619954659084939]
[1623208951177268511875, 88, 108388661006713797, -108388661006713797]
[7212783547607421875000, 391, 89458098721724571, 89458098721724571]
[18447299835414175000, 1, 511882706501981, 511882706501981]
[256864941114867668804375, 13924, 11865661366029687819, 11865661366029687819]
[295148839479935065625, 16, 232236612297321, 232236612297321]
[6931373262149052792968750, 375751, 25757868808051593519, -25757868808051593519]
[313598229735641851000, 17, 2834539611409677, 2834539611409677]
[92229623086903107069, 5, 4316676635258026, -4316676635258026]
[12304041942470276234537, 667, 34378014258330864, 34378014258330864]
[756596519604659636707, 41, 278213543645042928, 278213543645042928]
[294381341937907322667690, 15953, 99733728361814995583, 99733728361814995583]
[1235508022087715627173, 67, 426770743698465100, -426770743698465100]
[9092509690814722774690, 493, 1756769870160023677, -1756769870160023677]
[5552489649491294784769, 301, 6475726285206050, 6475726285206050]
[68640496932674646376199, 3721, 1039350604927500, -1039350604927500]
[445776054083193892543725, 24167, 27470369892441306448, -27470369892441306448]
[9433361019460519647441309317, 511333537, 899689313516475596571114, 899689313516475596571114]
[239786906877470946433, 13, 21336507728802814, -21336507728802814]
[4484990704618909159439947, 243133, 32190686765504688580, -32190686765504688580]
[3117428251391968878855, 169, 78912615627861356, -78912615627861356]
[571310914671404093589, 31, 539511862533770000, -539511862533770000]
[122629169385259623915543, 6647, 13369863611721358250, 13369863611721358250]
[534965621554847953041, 29, 8770926325435490, 8770926325435490]
[571844095055602813457, 31, 6331478335050132, -6331478335050132]
[378507346976361137841852, 20519, 2295025247604835009, -2295025247604835009]
[18447333560423506250, 1, 545607715833231, 545607715833231]
[571860155696878401509, 31, 9729162940537920, 9729162940537920]
[571848848850566905037, 31, 1577683370958552, -1577683370958552]
[19793478811729339391125, 1073, 75338474006241738, 75338474006241738]
[18423081291923031503, 1, 23706660784641516, -23706660784641516]
[3611333983423941521488717, 195767, 61646286218497578144, 61646286218497578144]
[239802911852736461735, 13, 5331532463287512, -5331532463287512]
[1346225306258486328125, 73, 390214289173802262, -390214289173802262]
[68642921095614742962865, 3721, 2423123589491659166, 2423123589491659166]
[15624485259858242234375, 847, 55863914843187282, 55863914843187282]
[27688698473394775390625, 1501, 69756380558189106, 69756380558189106]
[571857341794642822325, 31, 6915260704958736, 6915260704958736]
[202912209585094734375, 11, 2457894689668834, -2457894689668834]
[7212609824636701171875, 391, 84264871998978554, -84264871998978554]
[1457292663992733173697, 79, 3584271172994804, -3584271172994804]
[700997949982357612773, 38, 20007779466038051, 20007779466038051]
[571852875247176644830, 31, 2448713238781241, 2448713238781241]
[81571209556275332607773, 4422, 486770597997482245, -486770597997482245]
[34107784626008179307658, 1849, 326298548308104473, -326298548308104473]
[25573005066002850109145, 1387, 12689824402692368208, -12689824402692368208]
[36891130727771700035, 2, 2445177643646003, -2445177643646003]
[8239777155714881873943125, 446631, 869805609101165794136, 869805609101165794136]
[92242908763353996788, 5, 8968999815631693, 8968999815631693]
[18447102791400584000, 1, 314838692910981, 314838692910981]
[27443760618567939139186825, 1487729, 60775525894533697026, -60775525894533697026]
[756323758086912163184, 41, 5452025897569405, 5452025897569405]
[9462220605055915386496, 513, 981614683120872251, -981614683120872251]
[18446076939277250624, 1, 711013430422395, -711013430422395]
[793225386019825057792, 43, 13504053395117975, 13504053395117975]
[867040940899613140992, 47, 41907122352509099, 41907122352509099]
[590276614127215422753, 32, 20600359430113855, -20600359430113855]
[31009599010016983932554, 1681, 548461515385587615, 548461515385587615]
[681001069712596965421440, 36917, 998862487800579017, 998862487800579017]
[18446349805322132169, 1, 438147385540850, -438147385540850]
[58278188764342781007067, 3159, 4785621739241940046, 4785621739241940046]
[756233176589204179971, 41, 85129471810413808, -85129471810413808]
[31012562443672820810646, 1681, 3511895171222465707, 3511895171222465707]
[32521512268987353694747, 1763, 174891636273837750, -174891636273837750]
[92232372616988558922, 5, 1567146549806173, -1567146549806173]
[36876050305484064233, 2, 17525599931281805, -17525599931281805]
[26877603348523093226372, 1457, 633301428013637689, 633301428013637689]
[253212997329980947784438, 13735, 153635200458941131527, -153635200458941131527]
[6548628133118205858658, 355, 18409906981936913, 18409906981936913]
[18444534575496055780, 1, 2253377211617239, -2253377211617239]
[534957881216683943860, 29, 1030588161426309, 1030588161426309]
[18446366174210962091, 1, 421778496710928, -421778496710928]
[2637904038765980818690, 143, 13361528783576973, 13361528783576973]
[977721552622780028591, 53, 41791129273358584, 41791129273358584]
[319193412248315195023441, 17303, 8640302614328775684, 8640302614328775684]
[129134072423457053693, 7, 6556754503342560, 6556754503342560]
[32078229503667469625866, 1739, 734746091173754175, -734746091173754175]
[571856352916645908839, 31, 5926382708045250, 5926382708045250]
[387384946601968726021, 21, 2399595107592622, 2399595107592622]
[23630030699846035236239, 1281, 304667572493901100, -304667572493901100]
[49522631310087437374005161, 2684609, 218351156844018140590, 218351156844018140590]
[31834595217821408302576, 1725, 13885999400672344801, 13885999400672344801]
[239878047852403954620, 13, 69804467204205373, 69804467204205373]
[239883056561849746529, 13, 74813176649997282, 74813176649997282]
[18444546535111638150, 1, 2241417596034869, -2241417596034869]
[641220285467746279071901, 34760, 9936231627564931461, 9936231627564931461]
[9758086685555325556736, 529, 264141427033470315, -264141427033470315]
[77935486429119106777088, 4225, 2192671070811728187, -2192671070811728187]
[73786916936724046737, 4, 234874106645339, -234874106645339]
[355471905891659049565877, 19270, 2302042982190489747, 2302042982190489747]
[30307731314409626889875, 1643, 341291889079880342, -341291889079880342]
[18446634615344546875, 1, 153337363126144, -153337363126144]
[7470815936541511712041, 405, 133184305095860654, -133184305095860654]
[350496901811999244861, 19, 7930710553457500, 7930710553457500]
[55326769432584564557, 3, 13594425538454500, -13594425538454500]
[276572887762401398293, 15, 128931528213696992, -128931528213696992]
[1309673102079587106334, 71, 48842562657678015, -48842562657678015]
[239792533771604958771, 13, 15709613594790476, -15709613594790476]
[512041563282488424220981, 27761, 59717072629286459478, -59717072629286459478]
[23003530040949558514887, 1247, 385463923090260194, 385463923090260194]
[899264270942586486561481, 48749, 1805036040134558250, 1805036040134558250]
[571849527410918760553, 31, 899123019103036, -899123019103036]
[18207816944752846323224, 987, 837235430373053471, 837235430373053471]
[1199044271391552403422, 65, 3054465553657187, 3054465553657187]
[18449642267546290625, 1, 2854314838617606, 2854314838617606]
[571933569860092251075, 31, 83143326154387486, 83143326154387486]
[2121166041203120736761, 115, 214573358261660424, -214573358261660424]
[313594410545983184375, 17, 984650047256948, -984650047256948]
[19946531149931642171875, 1081, 5553373054647638336, 5553373054647638336]
[18447088681152343750, 1, 300728444670731, 300728444670731]
[24776128746473367085250, 1343, 2092525986962220733, 2092525986962220733]
[719376764043013586944, 39, 47966112585660797, -47966112585660797]
[328302650820215731781632, 17797, 5165625877275062489, 5165625877275062489]
[387374164654898170720, 21, 8382351962962679, -8382351962962679]
[18446697554824028160, 1, 90397883644859, -90397883644859]
[202858629806817280000, 11, 56037672967123209, -56037672967123209]
[5238869695267592824803, 284, 18083301386312593, -18083301386312593]
[111805797514214400000000, 6061, 184267146806168159, -184267146806168159]
[18446793948094050000, 1, 5995386376981, 5995386376981]
[977673276843120000000, 53, 6484650386670007, -6484650386670007]
[350487387621246080000, 19, 1583480199707361, -1583480199707361]
[18242896864638395734487, 989, 976420589492881304, -976420589492881304]
[48392726893810209423719, 2623, 6802093857983094882, 6802093857983094882]
[71695377883375786265605, 3887, 7286888798938759248, -7286888798938759248]
[36894272133244599645, 2, 696227829253607, 696227829253607]
[12230254199540009482465, 663, 33786894822270868, 33786894822270868]
[239808800820028918995, 13, 557434829169748, 557434829169748]
[28057499415757079105990, 1521, 65060311291555909, -65060311291555909]
[18445704117908143349, 1, 1083834799529670, -1083834799529670]
[18439149119724203273, 1, 7638832983469746, -7638832983469746]
[14370144261601558602003, 779, 96446442281320202, 96446442281320202]
[46141626482838820970413531, 2501369, 597051637618381449480, -597051637618381449480]
[756342035911582240627, 41, 23729850567646848, 23729850567646848]
[1346557068601594808133, 73, 58451946065322254, -58451946065322254]
[18447516052883730815, 1, 728100176057796, 728100176057796]
[424275939868775553333, 23, 183043500926104, -183043500926104]
[1365068928062016269755, 74, 6619561648466349, 6619561648466349]
[14633308738926912475475, 793, 5005892429727771408, 5005892429727771408]
[276744844186279447667, 15, 43024895664352382, 43024895664352382]
[46134167773297545398795, 2501, 1248896424344821724, -1248896424344821724]
[7433544177038627788107, 403, 511367902564438550, -511367902564438550]
[2637884390207387188475, 143, 6287029810053242, -6287029810053242]
[495683523869437088281250, 26871, 115207770793412299, -115207770793412299]
[424276119842529296875, 23, 3069747182562, -3069747182562]
[140620688614213034623325, 7623, 824050722443199488, 824050722443199488]
[5884475596338405204375, 319, 49760575342488686, -49760575342488686]
[18444238840560115375, 1, 2549112147557644, -2549112147557644]
[18447508085357203125, 1, 720132649530106, 720132649530106]
[966917689840990466709923, 52417, 7594276087629927000, -7594276087629927000]
[682528016196335567375, 37, 3138053848334328, -3138053848334328]
[18446700220364792467, 1, 87732342880552, -87732342880552]
[31377941591951743639019, 1701, 44715604008166300, -44715604008166300]
[12580245414405326731099, 682, 463969341306267859, -463969341306267859]
[55343481903380709175, 3, 3118045257690118, 3118045257690118]
[4809564993703546037311, 261, 5046661953156620648, -5046661953156620648]
[36893018955046111529, 2, 556950369234509, -556950369234509]
[571877179411436654112, 31, 26752877498790523, 26752877498790523]
[756333320493681451871, 41, 15014432666858092, 15014432666858092]
[424272530701594870272, 23, 3592210681609165, -3592210681609165]
[534962163976223363072, 29, 5313347700845521, 5313347700845521]
[18446870205643309563, 1, 82252935636544, 82252935636544]
[756311499002374561792, 41, 6807058640031987, -6807058640031987]
[10791361491320681037824, 585, 9461013307678291, -9461013307678291]
[73787860123210025289, 4, 708312379333213, 708312379333213]
[15700091611489532052478, 851, 1875063735302313309, 1875063735302313309]
[18438796184123034349, 1, 7991768584638670, -7991768584638670]
[1457710224002107789285, 79, 413975738201620784, 413975738201620784]
[571822951945835408325, 31, 27474588102455264, -27474588102455264]
[1936882599264844143209, 105, 30135769461523786, -30135769461523786]
[1106817855220033851947, 60, 10578057573470807, 10578057573470807]
[184443846865669362621, 10, 24032661407367569, -24032661407367569]
[10865803772165375304480, 589, 645668020555896289, 645668020555896289]
[3025250324936076009375, 164, 22899307982365741, -22899307982365741]
[92234314120195491309, 5, 374356657126214, 374356657126214]
[682532666993697508989, 37, 1512743513607286, 1512743513607286]
[7433941121254883628960, 403, 114423686308597697, -114423686308597697]
[664084446244347024337, 36, 79946870795653, 79946870795653]
[18447110163132187460, 1, 322210424514441, 322210424514441]
[25401018711440033871979, 1377, 208299438431875184, -208299438431875184]
[1069928622314370755937, 58, 14921057325720835, 14921057325720835]
[682532540219885839407, 37, 1385969701937704, 1385969701937704]
[144680700611663076839202, 7843, 2542698576797351185, 2542698576797351185]
[1162154687258381064809, 63, 7046237797664612, 7046237797664612]
[23408735121282559834331, 1269, 238790703477226780, -238790703477226780]
[18454052406290614711, 1, 7264453582941692, 7264453582941692]
[52895481087802606575868, 2867, 8540027389708030395, 8540027389708030395]
[3117611522810388664076, 169, 104358802791923865, 104358802791923865]
[18442792411971547125, 1, 3995540736125894, -3995540736125894]
[26301279099783027180113, 1426, 3840520778114544981, -3840520778114544981]
[18456380131733014138, 1, 9592179025341119, 9592179025341119]
[1309779942520014417949, 71, 57997877769633600, 57997877769633600]
[95978348176230106051925, 5203, 289541707916665932, -289541707916665932]
[129127530673614372845, 7, 15004660661712, 15004660661712]
[18446972729830277039, 1, 184777122604020, 184777122604020]
[534957252071028122579, 29, 401442505605028, 401442505605028]
[18438073758499813583, 1, 8714194207859436, -8714194207859436]
[18447468323504227271, 1, 680370796554252, 680370796554252]
[18449875915425913585, 1, 3087962718240566, 3087962718240566]
[534999531435660091087, 29, 42680807137573536, 42680807137573536]
[90775071353141926260917, 4921, 1572162132532665582, -1572162132532665582]
[221804344028729896348487963, 12023777, 4279319086289779115200, 4279319086289779115200]
[202914603899543373565, 11, 63580241029644, -63580241029644]
[17728846615962054591499, 961, 1483393409980820240, 1483393409980820240]
[2922825627127236754495923, 158417, 540820023145317845000, 540820023145317845000]
[239808194523227595685, 13, 48861972153562, -48861972153562]
[21158530050148431892925, 1147, 64268392730940132, 64268392730940132]
[166045297370021132392, 9, 24205795652075221, 24205795652075221]
[73773003207282961403, 4, 14148603547730673, -14148603547730673]
[2361205771906732066953, 128, 16913960149920521, 16913960149920521]
[645883727897076578141571, 35014, 12105479029884945695, -12105479029884945695]
[202915074302153446216, 11, 406822369043007, 406822369043007]
[99723846858267278209013, 5406, 511185929597868299, 511185929597868299]
[37937553426190487580553, 2057, 7489392529195819530, -7489392529195819530]
[1596868981554197365361171, 86549, 317931035300973239740, 317931035300973239740]
[31086461477016001348991413, 1685159, 690737419091791966392, 690737419091791966392]
[18446249937984028446, 1, 538014723644573, -538014723644573]
[313596960601308325227, 17, 1565405277883904, 1565405277883904]
[645639807561500541229, 35, 2229216731985564, 2229216731985564]
[1309691675515210782813, 71, 30269127034001536, -30269127034001536]
[526917427009788821187321, 28577, 236432314738350676642, -236432314738350676642]
[1271358800868199794937767, 68921, 12271620365737204732, -12271620365737204732]
[1088356037708885263659, 59, 4451500867444462, -4451500867444462]
[756295836317498276019, 41, 22469743516317760, -22469743516317760]
[2276293508522282423420345, 123403, 95465205702550143312, -95465205702550143312]
[78491083244520127754727, 4255, 505748979058882, 505748979058882]
[1879220680943750086265986, 101871, 27945413466728147437, 27945413466728147437]
[107562319452234934817571, 5831, 901100003506556218, -901100003506556218]
[18433277880602299897, 1, 13510072105373122, -13510072105373122]
[1676782689556301768545141, 90895, 61898594937829483136, 61898594937829483136]
[114959846474602420319175, 6232, 536046671797935233, -536046671797935233]
[18441715583962890625, 1, 5072368744782394, -5072368744782394]
[1733967069485771484375, 94, 30998068749779411, -30998068749779411]
