N indicates the RSA integer, Dim indicates the smooth bound of |u-vN|

The first element in the list represents the value of u, the second is the value of v,the third is the value of |u-vn |, and the fourth is the value of u-vn

N = 1458932014483, Dim = 130
[414998793616, 1, 1043933220867, -1043933220867]
[2546344345545, 1, 1087412331062, 1087412331062]
[1463258671875, 1, 4326657392, 4326657392]
[980906239456, 1, 478025775027, -478025775027]
[1883021765625, 1, 424089751142, 424089751142]
[1377891961875, 1, 81040052608, -81040052608]
[1481358278400, 1, 22426263917, 22426263917]
[1465564100000, 1, 6632085517, 6632085517]
[2930058338207, 2, 12194309241, 12194309241]
[1448646051125, 1, 10285963358, -10285963358]
[10204191360000, 7, 8332741381, -8332741381]
[46724894801585, 32, 39070338129, 39070338129]
[3337860107421875, 2288, 176341715229, -176341715229]
[1456079336985, 1, 2852677498, -2852677498]
[4007685032273, 1, 2548753017790, 2548753017790]
[13293357295790, 9, 162969165443, 162969165443]
[689931383680, 1, 769000630803, -769000630803]
[1480767445443, 1, 21835430960, 21835430960]
[283596799563, 1, 1175335214920, -1175335214920]
[1803476549875, 1, 344544535392, 344544535392]
[1522415269375, 1, 63483254892, 63483254892]
[11745706651679, 5, 4451046579264, 4451046579264]
[1431812195940, 1, 27119818543, -27119818543]
[3591955266284, 1, 2133023251801, 2133023251801]
[14835816806250, 13, 4130299382029, -4130299382029]
[3191640568688, 3, 1185155474761, -1185155474761]
[1443622511760, 1, 15309502723, -15309502723]
[6119624671875, 4, 283896613943, 283896613943]
[13522710968715, 7, 3310186867334, 3310186867334]
[1608932432250, 1, 150000417767, 150000417767]
[2778905329200, 1, 1319973314717, 1319973314717]
[796584140625, 1, 662347873858, -662347873858]
[5875708383363, 4, 39980325431, 39980325431]
[1484118670320, 1, 25186655837, 25186655837]
[13010874296875, 9, 119513833472, -119513833472]
[1610650284375, 1, 151718269892, 151718269892]
[1592154083520, 1, 133222069037, 133222069037]
[1458380859375, 1, 551155108, -551155108]
[1557994838400, 1, 99062823917, 99062823917]
[1170227234176, 1, 288704780307, -288704780307]
[4158604750300, 3, 218191293149, -218191293149]
[72110595736400, 49, 622927026733, 622927026733]
[7361783367939, 5, 67123295524, 67123295524]
[10839916985625, 8, 831539130239, -831539130239]
[1364343750000, 1, 94588264483, -94588264483]
[1489560187500, 1, 30628173017, 30628173017]
[1461617500000, 1, 2685485517, 2685485517]
[188121704734678, 125, 5755202924303, 5755202924303]
[1382041024875, 1, 76890989608, -76890989608]
[24899927616960, 17, 98083370749, 98083370749]
[1458134379520, 1, 797634963, -797634963]
[65270196479488, 45, 381744172247, -381744172247]
[23338871658531, 16, 4040573197, -4040573197]
[1494732271484375, 1053, 41523139766224, -41523139766224]
[63376234228125, 44, 816774409127, -816774409127]
[1466762393600, 1, 7830379117, 7830379117]
[25191142705820, 17, 389298459609, 389298459609]
[1433073261312, 1, 25858753171, -25858753171]
[24802055313750, 17, 211067539, 211067539]
[19236565794600, 13, 270449606321, 270449606321]
[111612119056000, 77, 725646059191, -725646059191]
[703107519750713, 480, 2820152798873, 2820152798873]
[824945215224416, 567, 2269236987445, -2269236987445]
[1447303291875, 1, 11628722608, -11628722608]
[1446700500000, 1, 12231514483, -12231514483]
[23416540232085, 16, 73628000357, 73628000357]
[112643107967520, 77, 305342852329, 305342852329]
[39390591625000, 27, 572766041, -572766041]
[7167908309712150, 4913, 175322557171, 175322557171]
[176526213205888, 121, 4560546555, -4560546555]
[1943828495156250, 1331, 1989983879377, 1989983879377]
[46645139165625, 32, 40685297831, -40685297831]
[10238134173696, 7, 25610072315, 25610072315]
[4503704620236800, 3087, 18508472221, -18508472221]
[17495186996875, 3, 13118390953426, 13118390953426]
[245639011475, 1, 1213293003008, -1213293003008]
[3051834111183, 1, 1592902096700, 1592902096700]
[5303989765425, 1, 3845057750942, 3845057750942]
[275957828531, 1, 1182974185952, -1182974185952]
[2018783309375, 1, 559851294892, 559851294892]
[3558892837500, 1, 2099960823017, 2099960823017]
[1487717038269, 1, 28785023786, 28785023786]
[3888530248174, 3, 488265795275, -488265795275]
[1181020450995, 1, 277911563488, -277911563488]
[3239266693091, 2, 321402664125, 321402664125]
[2667687160125, 2, 250176868841, -250176868841]
[1911043750000, 1, 452111735517, 452111735517]
[1458001789244, 1, 930225239, -930225239]
[873073211920, 1, 585858802563, -585858802563]
[3021456936966, 1, 1562524922483, 1562524922483]
[631584848895, 2, 2286279180071, -2286279180071]
[3011468745285, 1, 1552536730802, 1552536730802]
[2924525288685, 2, 6661259719, 6661259719]
[4380512218236, 1, 2921580203753, 2921580203753]
[140697374620, 1, 1318234639863, -1318234639863]
[4063092751575, 1, 2604160737092, 2604160737092]
[325361891855, 1, 1133570122628, -1133570122628]
[1531696701150, 1, 72764686667, 72764686667]
[3372043691250, 1, 1913111676767, 1913111676767]
[1109724192500, 1, 349207821983, -349207821983]
[1613324042148, 1, 154392027665, 154392027665]
[1168760821683, 1, 290171192800, -290171192800]
[3718811359375, 1, 2259879344892, 2259879344892]
[4170073367460, 1, 2711141352977, 2711141352977]
[1688461229481, 2, 1229402799485, -1229402799485]
[5246568975123, 1, 3787636960640, 3787636960640]
[9628596961945, 3, 5251800918496, 5251800918496]
[620418793737, 1, 838513220746, -838513220746]
[4341454153190, 3, 35341890259, -35341890259]
[2300390308755, 1, 841458294272, 841458294272]
[16049467073745, 11, 1214914432, 1214914432]
[1429587840681, 1, 29344173802, -29344173802]
[1412818046640, 1, 46113967843, -46113967843]
[6769116046875, 1, 5310184032392, 5310184032392]
[1093768046875, 1, 365163967608, -365163967608]
[538126878947, 1, 920805135536, -920805135536]
[1568035214515, 1, 109103200032, 109103200032]
[451998421875, 1, 1006933592608, -1006933592608]
[3558208413760, 1, 2099276399277, 2099276399277]
[708205802850, 1, 750726211633, -750726211633]
[325338728715, 1, 1133593285768, -1133593285768]
[1514404819200, 1, 55472804717, 55472804717]
[27668996154547, 19, 50712120630, -50712120630]
[643312614483, 1, 815619400000, -815619400000]
[2967124450290, 1, 1508192435807, 1508192435807]
[1559658945195, 2, 1358205083771, -1358205083771]
[5061686373590, 3, 684890330141, 684890330141]
[59146591669594, 49, 12341077040073, -12341077040073]
[1675990035720, 1, 217058021237, 217058021237]
[1728272658112, 1, 269340643629, 269340643629]
[231749580517, 1, 1227182433966, -1227182433966]
[1478260637854, 1, 19328623371, 19328623371]
[11839919808717, 8, 168463692853, 168463692853]
[1230104115625, 1, 228827898858, -228827898858]
[4375885218705, 4, 1459842839227, -1459842839227]
[791826849099, 1, 667105165384, -667105165384]
