N indicates the RSA integer, Dim indicates the smooth bound of |u-vN|

The first element in the list represents the value of u, the second is the value of v,the third is the value of |u-vn |, and the fourth is the value of u-vn

N = 44961246158502419857, Dim = 968
[1393860611951810597672, 31, 61981038235582105, 61981038235582105]
[130915779597323864123376, 2911, 33592029923319919649, 33592029923319919649]
[44962016264578763592, 1, 770106076343735, 770106076343735]
[44963311911953777452, 1, 2065753451357595, 2065753451357595]
[8227866208461989501995, 183, 41838543953331836, -41838543953331836]
[11644907960820281127019, 259, 54794231845615944, -54794231845615944]
[60832457842319022278224, 1353, 108210134751788297, -108210134751788297]
[314635525652052552727, 7, 93197457464386272, -93197457464386272]
[14361313960313256688042, 319, 18676435750984753659, 18676435750984753659]
[1933316821751112236419, 43, 16763064491817432, -16763064491817432]
[56568489795811437161377, 1258, 7242128415392981271, 7242128415392981271]
[1124031717195489080731, 25, 563232928584306, 563232928584306]
[1033962901711621789761, 23, 145759933933866950, -145759933933866950]
[2832468036297880458181, 63, 90471687771992810, -90471687771992810]
[44961271593405440875, 1, 25434903021018, 25434903021018]
[134926525115966796875, 3, 42786640459537304, 42786640459537304]
[134890734916091171875, 3, 6996440583912304, 6996440583912304]
[2742855739593505859375, 61, 219723924858248098, 219723924858248098]
[2113225827080352359375, 47, 47257630738626096, 47257630738626096]
[2787571605433385021875, 62, 25656393765009259, -25656393765009259]
[5438403728686450006849, 121, 1907056492342795848, -1907056492342795848]
[134882864805669278782, 3, 873669837980789, -873669837980789]
[764392118226985180289, 17, 50933532444042720, 50933532444042720]
[36733442333371841528009, 817, 104221875364504840, 104221875364504840]
[134885274561862007075, 3, 1536086354747504, 1536086354747504]
[1663565757295676000338, 37, 350568913534371, -350568913534371]
[44962616670087090348, 1, 1370511584670491, 1370511584670491]
[662698348663933602135037, 14739, 14541533766435862714, 14541533766435862714]
[1832179985088266990290328, 40749, 54165375451883537435, 54165375451883537435]
[44955626361586692367, 1, 5619796915727490, -5619796915727490]
[5981156204730201626935, 133, 1310465649379785954, 1310465649379785954]
[44973722471154337685, 1, 12476312651917828, 12476312651917828]
[44965532398467772685, 1, 4286239965352828, 4286239965352828]
[51494985343743719063557818, 1145249, 3163141964981224748425, 3163141964981224748425]
[44962697182576742987, 1, 1451024074323130, 1451024074323130]
[224806229502811744788, 5, 1289700354497, -1289700354497]
[31829245190662824202598685, 707941, 664376033537413385752, -664376033537413385752]
[89928926269234418211, 2, 6433952229578497, 6433952229578497]
[134883294432443403448, 3, 444043063856123, -444043063856123]
[1709156584458455362013, 38, 629230435363407447, 629230435363407447]
[44903350072910215887, 1, 57896085592203970, -57896085592203970]
[44967790295675958073, 1, 6544137173538216, 6544137173538216]
[1034113737646215331721, 23, 5076000659675010, 5076000659675010]
[18567099677940600101437, 413, 1894985520899299504, -1894985520899299504]
[19648026244187060234277, 437, 38327078497243232, -38327078497243232]
[72743254583219011923710, 1617, 40919544920599014941, 40919544920599014941]
[90364182184166164302287, 2010, 7922594423699610283, -7922594423699610283]
[1213952950964785399657, 27, 695314779936482, -695314779936482]
[44941543200683593750, 1, 19702957818826107, -19702957818826107]
[1394038793900822265625, 31, 240162987247250058, 240162987247250058]
[89920489270345215625, 2, 2003046659624089, -2003046659624089]
[1339503347296990005796875, 29791, 62862989044415836988, 62862989044415836988]
[159656038576295552073750, 3551, 1346532546540838457, -1346532546540838457]
[174352954907044122157609375, 3877851, 58469950645187277932, -58469950645187277932]
[4091591682667178320075, 91, 118282243458113088, 118282243458113088]
[44987917823906309929, 1, 26671665403890072, 26671665403890072]
[1729389840200858747586147, 38471, 314260762887846732500, -314260762887846732500]
[3192076245117717822711, 71, 172232135953987136, -172232135953987136]
[44960399964961608985, 1, 846193540810872, -846193540810872]
[4727625271586561682650585, 105149, 4800733809262893108, -4800733809262893108]
[1573643260630451217127, 35, 354917133477868, -354917133477868]
[2277240957749855075423445, 50653, 181043916767997593176, -181043916767997593176]
[2742812690268482817183, 61, 176674599835205906, 176674599835205906]
[44961364639512970506, 1, 118481010550649, 118481010550649]
[224806064540751938673, 5, 166251760160612, -166251760160612]
[494573797866886931583, 11, 90123360313156, 90123360313156]
[3551934141636321438195, 79, 4304885369730508, -4304885369730508]
[78907545649740257558669, 1755, 558641568510709634, 558641568510709634]
[125126918494906915305022, 2783, 229564205319157009, -229564205319157009]
[764390062458206391948, 17, 48877763665254379, 48877763665254379]
[297956776698158339118500, 6627, 1401594237197273839, -1401594237197273839]
[6383808568973690392109, 142, 688385533653227585, -688385533653227585]
[8407729030511367678415, 187, 24001128584834844, -24001128584834844]
[44961683599030145905, 1, 437440527726048, 437440527726048]
[82999450288704418577515, 1846, 989880108951521493, 989880108951521493]
[674414475932049333712, 15, 4216445486964143, -4216445486964143]
[1753494591440519203541, 39, 5991258924829118, 5991258924829118]
[975145032329943008817500, 21689, 19435601815975460973, -19435601815975460973]
[44958591458189054185, 1, 2654700313365672, -2654700313365672]
[56077986628230983916713, 1247, 11312668578466355034, 11312668578466355034]
[1843305607526975521787, 41, 105484971623692350, -105484971623692350]
[89922620321610201725, 2, 128004605362011, 128004605362011]
[762884058429040770993615, 16967, 26594857730213279896, 26594857730213279896]
[702963338991781662359791, 15635, 5744696403672104404, -5744696403672104404]
[2652715904474043257542, 59, 2381122400485979, 2381122400485979]
[44956691334388719457, 1, 4554824113700400, -4554824113700400]
[1753467101732292875489, 39, 21498449301498934, -21498449301498934]
[1753521344246037566503, 39, 32744064443192080, 32744064443192080]
[44961356773368790593, 1, 110614866370736, 110614866370736]
[19726278707310888844173055, 438741, 63393516621346306982, -63393516621346306982]
[2742603470776577321394, 61, 32544892070289883, -32544892070289883]
[37825879775783861552013, 841, 13471756483326452276, 13471756483326452276]
[17399042889583097521597, 387, 959373757338963062, -959373757338963062]
[21785899773219417532531323905, 484558767, 466228128001599892912414, -466228128001599892912414]
[44965573425419117421, 1, 4327266916697564, 4327266916697564]
[1393258608325476238313, 31, 540022588098777254, -540022588098777254]
[261623724335571415435003, 5819, 5767060754165712880, -5767060754165712880]
[103366480959744848684293, 2299, 576041347785433050, 576041347785433050]
[1034226643591262241024, 23, 117981945706584313, 117981945706584313]
[45278651205839561066981, 1007, 2676324227624270982, 2676324227624270982]
[2203065754994992105030, 49, 35306771626467963, -35306771626467963]
[134883530346970032128, 3, 208128537227443, -208128537227443]
[44931044701393707103, 1, 30201457108712754, -30201457108712754]
[48812505595675325681073, 1085, 29553513700200136228, 29553513700200136228]
[9849214008949789311329, 219, 2701100237759362646, 2701100237759362646]
[44964603424072265625, 1, 3357265569845768, 3357265569845768]
[179891732445044431275, 4, 46747811034751847, 46747811034751847]
[4990764599435392737500, 111, 66275841624133373, 66275841624133373]
[44965651516337109375, 1, 4405357834689518, 4405357834689518]
[44967514653369140625, 1, 6268494866720768, 6268494866720768]
[2112993530724463265450, 47, 185038725150467829, -185038725150467829]
[14340060542087188703875, 319, 2576982475083230508, -2576982475083230508]
[44970650249351072125, 1, 9404090848652268, 9404090848652268]
[89929158929641244259, 2, 6666612636404545, 6666612636404545]
[5260465552157276155163, 117, 248387506968106, -248387506968106]
[44962465022455518625, 1, 1218863953098768, 1218863953098768]
[44925122767209596327, 1, 36123391292823530, -36123391292823530]
[2652360532324901645377, 59, 352991026741126186, -352991026741126186]
[44977575559544474223, 1, 16329401042054366, 16329401042054366]
[3284944816718897214571, 73, 2773847148220565010, 2773847148220565010]
[6698223314061497923095963, 148955, 1020892521769973296528, 1020892521769973296528]
[44972511198462749385, 1, 11265039960329528, 11265039960329528]
[1394100172275832531125, 31, 301541362257515558, 301541362257515558]
[44954878141874203125, 1, 6368016628216732, -6368016628216732]
[1124048345006163841999, 25, 17191043603345574, 17191043603345574]
[13712334499008470903613, 305, 845579334767152772, -845579334767152772]
[569731285083017733368329, 12673, 62587483683433479432, -62587483683433479432]
[224796074017543496253, 5, 10156774968603032, -10156774968603032]
[132411355156334288103663, 2945, 485219544661624798, 485219544661624798]
[8121327525904333506760488065, 180630891, 62428176285817665514522, -62428176285817665514522]
[134880483924937426819, 3, 3254550569832752, -3254550569832752]
[61927405888974142267369, 1377, 15769928716310124280, 15769928716310124280]
[44952291344272276374, 1, 8954814230143483, -8954814230143483]
[2742625046954142517191, 61, 10968714505094086, -10968714505094086]
[44961591150424704278, 1, 344991922284421, 344991922284421]
[2113184127424125050737, 47, 5557974511317458, 5557974511317458]
[9215345475969979090957, 205, 1709986523016979728, -1709986523016979728]
[584406902957469904587, 13, 89297103061553554, -89297103061553554]
[712498103024519175162315, 15847, 2764849268672311564, -2764849268672311564]
[10655034434577208229125, 237, 780904987865276984, -780904987865276984]
[3441688662017186493212443, 76551, 139692662332249260764, -139692662332249260764]
[5170574522899529261947, 115, 31214671750978392, 31214671750978392]
[5440324212710542202383, 121, 13427531749399686, 13427531749399686]
[841807113863596964062265, 18723, 2297962043842920346, -2297962043842920346]
[18075212962973964579275, 402, 792007255991796761, 792007255991796761]
[150798318376524857957023, 3354, 1701239092258243355, -1701239092258243355]
[2045569369143562503616375, 45494, 102436408653414642017, 102436408653414642017]
[2564688505290083575475, 57, 1897474255445643626, 1897474255445643626]
[134875773901229434465, 3, 7964574277825106, -7964574277825106]
[81151040047674462008787, 1805, 4009268422405833098, -4009268422405833098]
[217472657174188439598938239, 4836975, 3766463333802688874336, -3766463333802688874336]
[89918093768878404965, 2, 4398548126434749, -4398548126434749]
[1663700741571163539010, 37, 134633706574004301, 134633706574004301]
[134884998772037294638, 3, 1260296530035067, 1260296530035067]
[584503033258416752147, 13, 6833197885294006, 6833197885294006]
[109302597944417430859375, 2431, 1808533098048187008, 1808533098048187008]
[87372376754364990234375, 1943, 12675468394788452224, 12675468394788452224]
[404663146377656581207, 9, 11930951134802494, 11930951134802494]
[44962472089554545812, 1, 1225931052125955, 1225931052125955]
[37633177621240490525780, 837, 614586573965105471, 614586573965105471]
[46175152937714650072869, 1027, 46867067335120270, -46867067335120270]
[36618372750648565386067437, 814463, 898679343790997924354, -898679343790997924354]
[1769362899160153138050281, 39353, 2979084607409417760, 2979084607409417760]
[3551967046563208581243, 79, 28600041517412540, 28600041517412540]
[584463142112433835549, 13, 33057948097622592, -33057948097622592]
[13377948241260514811756867049, 297543985, 111306236824638043096, -111306236824638043096]
[1844022281681016416817, 41, 611189182417202680, 611189182417202680]
[2742641633572795965645, 61, 5617904148354368, 5617904148354368]
[861867498740354892967533, 19166, 140254866497513988271, 140254866497513988271]
[1723673526612972204888211, 38318, 848496311476480807685, 848496311476480807685]
[41590492349799917520106, 925, 1339653185179152381, 1339653185179152381]
[422002269799755027787195, 9386, 3986643948684990607, -3986643948684990607]
[9035683628218592265625, 201, 1526849640394125632, -1526849640394125632]
[1882785918927646414412971, 41875, 33736040357582901096, 33736040357582901096]
[134883069837140506250, 3, 668638366753321, -668638366753321]
[674416786239188728679, 15, 1906138347569176, -1906138347569176]
[44961288630219409950, 1, 42471716990093, 42471716990093]
[6339575454191714714375, 141, 39745842873514538, 39745842873514538]
[486856870087497001655026, 10829, 28464562925702976427, -28464562925702976427]
[44961447960209909947, 1, 201801707490090, 201801707490090]
[87815050196774448580167889, 1953125, 116293449409796964764, 116293449409796964764]
[44922467446746375883, 1, 38778711756043974, -38778711756043974]
[44959118220601562500, 1, 2127937900857357, -2127937900857357]
[2068516504050537109375, 46, 299180759425795953, 299180759425795953]
[3057825839062718129375, 68, 461100284553579099, 461100284553579099]
[5620649992122340671119, 125, 494222309538188994, 494222309538188994]
[32860871489898424035063, 731, 5799451966844880404, -5799451966844880404]
[25132264155654036503283, 559, 1072446948816196780, -1072446948816196780]
[44961735399354416790, 1, 489240851996933, 489240851996933]
[13533037123384866528519, 301, 297970324361848438, -297970324361848438]
[233152190265503958327333, 5185, 28128933668911368788, 28128933668911368788]
[44958772669690658799, 1, 2473488811761058, -2473488811761058]
[9756603311559300997515, 217, 12895164275888546, 12895164275888546]
[674400705162253909741, 15, 17987215282388114, -17987215282388114]
[22970802069910256526367, 511, 4394717084480020560, -4394717084480020560]
[18566760442317693862191, 413, 2234221143805538750, -2234221143805538750]
[44966351260692858899, 1, 5105102190439042, 5105102190439042]
[134898979208487086390, 3, 15240732979826819, 15240732979826819]
[63077615479016988971121, 1403, 3012881361906088250, -3012881361906088250]
[153963176528228616517020129, 3424361, 361328346888446916248, -361328346888446916248]
[44961709034092240984, 1, 462875589821127, 462875589821127]
[13533412238159053394825, 301, 77144449825017868, 77144449825017868]
[1393706124785133778619, 31, 92506128441236948, -92506128441236948]
[6390933102202058180092630, 142129, 636146940267748237077, 636146940267748237077]
[854268458372280796427, 19, 4781360734819144, 4781360734819144]
[1283330335866932789827151, 28543, 1486764798219848800, 1486764798219848800]
[584492915016302026847, 13, 3285044229431294, -3285044229431294]
[77104758777942251158781, 1715, 3778383889398895974, -3778383889398895974]
[44939032775895671875, 1, 22213382606747982, -22213382606747982]
[128166990519125014868453, 2850, 27438967393118276003, 27438967393118276003]
[584495528656003559875, 13, 671404527898266, -671404527898266]
[89921905971821071995, 2, 586345183767719, -586345183767719]
[44959234749446438239, 1, 2011409055981618, -2011409055981618]
[3102338348146740118573, 69, 12363210073148440, 12363210073148440]
[515030431187997452988546, 11455, 643557647766473389, -643557647766473389]
[1663577821804055065909, 37, 11713939465531200, 11713939465531200]
[494535621666724421875, 11, 38086076802196552, -38086076802196552]
[44961109405839546875, 1, 136752662872982, -136752662872982]
[1394518635463890645302, 31, 720004550315629735, 720004550315629735]
[134924639545949514217, 3, 40901070442254646, 40901070442254646]
[16231356819462780723057, 361, 346956243407154680, 346956243407154680]
[584156104580400035629, 13, 340095480131422512, -340095480131422512]
[314730738908152895185, 7, 2015798635956186, 2015798635956186]
[106380060038501747014605, 2366, 1751627485021632943, 1751627485021632943]
[106330567160249110030261, 2365, 2780004609112931544, -2780004609112931544]
[11914742383990529122897, 265, 12151987387860792, 12151987387860792]
[44952156786806983935, 1, 9089371695435922, -9089371695435922]
[44961611483837988774, 1, 365325335568917, 365325335568917]
[4821466602015604987621818111, 107236051, 115938885408213153404, 115938885408213153404]
[89915123234124845251, 2, 7369082879994463, -7369082879994463]
[3686679898221320636775, 82, 142286775877791499, -142286775877791499]
[2652608811164551499561, 59, 104712187091272002, -104712187091272002]
[477431457765220468714465, 10619, 12015191916727747018, -12015191916727747018]
[51214698251342389300823, 1139, 3838876808133083700, 3838876808133083700]
[5439942887099296061577, 121, 367898079496741120, -367898079496741120]
[79534320449933922625481, 1769, 2124004456858101552, -2124004456858101552]
[44962718709820700635, 1, 1472551318280778, 1472551318280778]
[114064382035244922778809, 2537, 2299468875716398400, -2299468875716398400]
[494528003535561968315, 11, 45704207964650112, -45704207964650112]
[5979615683156654327503, 133, 230055924167513478, -230055924167513478]
[2382944684877331995299, 53, 1361523296257122, -1361523296257122]
[764157053015659123975, 17, 184131678882013594, -184131678882013594]
[3189263814407451171875, 71, 2984662846220637972, -2984662846220637972]
[125139625805662469609375, 2783, 12477746550235147344, 12477746550235147344]
[584479466279024366875, 13, 16733781507091266, -16733781507091266]
[44949693483119183850, 1, 11552675383236007, -11552675383236007]
[44966788377769265625, 1, 5542219266845768, 5542219266845768]
[2203230729775735692225, 49, 129668009117119232, 129668009117119232]
[1034101239950228073750, 23, 7421695327582961, -7421695327582961]
[3192243664338244758339, 71, 4812915427051508, -4812915427051508]
[44961434629138972845, 1, 188470636552988, 188470636552988]
[44966056592220424177, 1, 4810433718004320, 4810433718004320]
[12814113583713141832418, 285, 158428539952173173, 158428539952173173]
[1034108559280838137980, 23, 102364717518731, -102364717518731]
[224928119598174531682, 5, 121888805662432397, 121888805662432397]
[89921459423509130725, 2, 1032893495708989, -1032893495708989]
[28099902229592288253421, 625, 876619471724157204, -876619471724157204]
[224805489692624713301, 5, 741099887385984, -741099887385984]
[3641220927760108072895, 81, 640011078587935522, -640011078587935522]
[106556306671929115833073, 2370, 1846723721619228017, -1846723721619228017]
[40150493480740206862285, 893, 100661197545929984, 100661197545929984]
[1663477543814933610361, 37, 88564049655924348, -88564049655924348]
[43207438077145564335373, 961, 319481175261147204, -319481175261147204]
[359764008739202382099, 8, 74039471183023243, 74039471183023243]
[49726996419718666988063, 1106, 141831585009373779, -141831585009373779]
[1124022862219998843557, 25, 8291742561652868, -8291742561652868]
[55798849743558047284625, 1241, 1943260856544242088, 1943260856544242088]
[743960210983221519903125, 16549, 103451693835026310368, -103451693835026310368]
[89921572113037109375, 2, 920203967730339, -920203967730339]
[29989756575996724365625, 667, 605388275610321006, 605388275610321006]
[513949768235516734512375, 11431, 2236602324426872992, -2236602324426872992]
[41827448939664872929267, 931, 31471233900879957600, -31471233900879957600]
[116765628353492257927715, 2597, 1272079861473559086, 1272079861473559086]
[44925024566020918813, 1, 36221592481501044, -36221592481501044]
[44961766762770084535, 1, 520604267664678, 520604267664678]
[854260424487206513623, 19, 3252524339463660, -3252524339463660]
[1844248419429743843191, 41, 837326931144629054, 837326931144629054]
[3282138738514734023861, 73, 32231055942625700, -32231055942625700]
[44948921897923944158, 1, 12324260578475699, -12324260578475699]
[5216072538210819148175111, 116014, 61473621680589114887, -61473621680589114887]
[5978755911839193018349, 133, 1089827241628822632, -1089827241628822632]
[1738413250340702592325247, 38663, 76590114523533394056, 76590114523533394056]
[7237411227414214515014, 161, 1349404104675081963, -1349404104675081963]
[44961221013253408357, 1, 25145249011500, -25145249011500]
[87532155476396380859375, 1947, 7390794207830602204, -7390794207830602204]
[3462025045550555742219, 77, 9091345869413230, 9091345869413230]
[44962556466022237303, 1, 1310307519817446, 1310307519817446]
[15056210695822207661711, 335, 5806767276102990384, -5806767276102990384]
[44939681742479982832, 1, 21564416022437025, -21564416022437025]
[584478643987058439696, 13, 17556073473018445, -17556073473018445]
[179844913878042311237, 4, 70755967368191, -70755967368191]
[1338298312726221469709975, 29766, 18140427761559753487, -18140427761559753487]
[1095754594253514280940621, 24389, 805238306201236951752, -805238306201236951752]
[44953784831473083685, 1, 7461327029336172, -7461327029336172]
[44960450750080166399, 1, 795408422253458, -795408422253458]
[83119283632920712277695, 1849, 14060514150262037898, -14060514150262037898]
[44967097616276828047, 1, 5851457774408190, 5851457774408190]
[2635851602573509200828541, 58621, 178391515938846391344, 178391515938846391344]
[734536885094226314601655, 16337, 5006602772281397846, 5006602772281397846]
[1393776556437919749095, 31, 22074475655266472, -22074475655266472]
[224804096641410194326, 5, 2134151101904959, -2134151101904959]
[122558060799587953334561429, 2730348, 201787726786811717158807, -201787726786811717158807]
[44955483964693514124, 1, 5762193808905733, -5762193808905733]
[7148819310696187743320, 159, 18828505697013943, -18828505697013943]
[584481271957973661636, 13, 14928102557796505, -14928102557796505]
[44961299742463551720, 1, 53583961131863, 53583961131863]
[2382966666390665148885, 53, 20619990036896464, 20619990036896464]
[44966326220172301561, 1, 5080061669881704, 5080061669881704]
[50781835747270312835496410, 1129463, 228222650305803450381, -228222650305803450381]
[134860463486868980809, 3, 23274988638278762, -23274988638278762]
[44948292115877637994, 1, 12954042624781863, -12954042624781863]
[1348952726956907205863, 30, 115342201834610153, 115342201834610153]
[13264368549074783538541, 295, 800932316569680726, 800932316569680726]
[494580704033413975575, 11, 6996289887357148, 6996289887357148]
[5827989703944045038297347, 129623, 21906859514130826564, -21906859514130826564]
[854318107496263537725, 19, 54430484717560442, 54430484717560442]
[89842553602526132707, 2, 79938714478707007, -79938714478707007]
[2652845726868538861582, 59, 132203516896090019, 132203516896090019]
[314715972367560392861, 7, 12750741956546138, -12750741956546138]
[2652713020456090536175, 59, 502895552235388, -502895552235388]
[4091555061705685154705, 91, 81661281964947718, 81661281964947718]
[44961562979512262002, 1, 316821009842145, 316821009842145]
[4091155356942600356141, 91, 318043481119850846, -318043481119850846]
[10654967678542857052273, 237, 847661022216453836, -847661022216453836]
[449639768139577072421, 10, 27306554552873851, 27306554552873851]
[96672631149206272673356654541731, 2150114899311, 785892220756655973252523204, 785892220756655973252523204]
[854254982479478303867, 19, 8694532067673416, -8694532067673416]
[1932624745125651342601, 43, 708839689952711250, -708839689952711250]
[7103876893945759794461, 158, 902377457055, 902377457055]
[32655137205924614712772681, 726327, 1429832641972394702558, -1429832641972394702558]
[1528717128259367034513, 34, 34758870284759375, 34758870284759375]
[16725584511370507428355, 372, 940407607241551, 940407607241551]
[134883513124591152229, 3, 225350916107342, -225350916107342]
[134895787393761354982, 3, 12048918254095411, 12048918254095411]
[3191358724782901076591, 71, 889752470770733256, -889752470770733256]
[44960825777004873470, 1, 420381497546387, -420381497546387]
[2472852569451299100437, 55, 15969266333991698, -15969266333991698]
[11332687790582422853815919, 252050, 205696331887928859069, 205696331887928859069]
[44995639624044165375, 1, 34393465541745518, 34393465541745518]
[584526110068150390625, 13, 29910007618932484, 29910007618932484]
[336073153184818001134669, 7475, 12161849987587296406, -12161849987587296406]
[201932977513735158843673, 4489, 101943508217796105600, 101943508217796105600]
[854296758555007474090, 19, 33081543461496807, 33081543461496807]
[6204037248030313387553, 138, 614721843020552713, -614721843020552713]
[179843674793421719367, 4, 1309840587960061, -1309840587960061]
[44961270389691083001, 1, 24231188663144, 24231188663144]
[134890193764069771250, 3, 6455288562511679, 6455288562511679]
[3261025229067843662341475, 72557, 1227908454616415222874, -1227908454616415222874]
[239606159361031626004157, 5329, 7678582372230586204, 7678582372230586204]
[43213906871326257962455, 961, 6149313005432479878, 6149313005432479878]
[1528628007105706132655, 34, 54362283376142483, -54362283376142483]
[73466720527802394559307, 1634, 44304809440512969, 44304809440512969]
[449596082179256443561, 10, 16379405767755009, -16379405767755009]
[1034075182954572974501, 23, 33478690982682210, -33478690982682210]
[44960730671088852059, 1, 515487413567798, -515487413567798]
[79266243292040407663151, 1763, 433685399358544740, -433685399358544740]
[205164588909584736835459, 4563, 6422688338195027968, 6422688338195027968]
[134870936208596141183, 3, 12802266911118388, -12802266911118388]
[53458887751531498219410, 1189, 33930927878990563, -33930927878990563]
[1034097511734032066321, 23, 11149911523590390, -11149911523590390]
[2113189349287322933039, 47, 10779837709199760, 10779837709199760]
[89933789908703556673, 2, 11297591698716959, 11297591698716959]
[44962961683161629302, 1, 1715524659209445, 1715524659209445]
[718435848451451660156250, 15979, 96084741493261247, 96084741493261247]
[44978784117944880786, 1, 17537959442460929, 17537959442460929]
[129511639163213357594467, 2881, 21711019432114013550, -21711019432114013550]
[1753465367013090211019, 39, 23233168504163404, -23233168504163404]
[12993745079070626038341, 289, 55060736573300332, -55060736573300332]
[197645888386784307901244891, 4396197, 12607091485554766838938, -12607091485554766838938]
[494579376577103720583, 11, 5668833577102156, 5668833577102156]
[44952990883165352185, 1, 8255275337067672, -8255275337067672]
[1303921210145080705310, 29, 45071548510529457, 45071548510529457]
[1303770036358386996575, 29, 106102238183179278, -106102238183179278]
[1034112802025047880993, 23, 4140379492224282, 4140379492224282]
[2113024774292103623339, 47, 153795157510109940, -153795157510109940]
[688670112784788615587281, 15317, 1294624992949362388, -1294624992949362388]
[44961095236844144435, 1, 150921658275422, -150921658275422]
[178542509979294887474391, 3971, 1401483881778222244, 1401483881778222244]
[44974054393040014957, 1, 12808234537595100, 12808234537595100]
[75577683270703634733783, 1681, 2171521738933045834, -2171521738933045834]
[737221905090655790315579, 16399, 97570662625392919364, -97570662625392919364]
[134874695194554804874, 3, 9043280952454697, -9043280952454697]
[23082898443124821319735, 513, 17779163813079933094, 17779163813079933094]
[629388468850507628013, 14, 68977368526249985, -68977368526249985]
[5620125867258189159663, 125, 29902554613322462, -29902554613322462]
[128863612242698832575219, 2867, 40280493727605154800, -40280493727605154800]
[21266185718982798863607, 473, 483713988845728754, -483713988845728754]
[44965773647833651157, 1, 4527489331231300, 4527489331231300]
[53194418506916024622607, 1183, 5264301407661931776, 5264301407661931776]
[3012419111933779683538, 67, 15619314117553119, 15619314117553119]
[91493396513066311999093, 2035, 2739419486112409902, -2739419486112409902]
[404651084741794499225, 9, 130684727279488, -130684727279488]
[44941226875112235000, 1, 20019283390184857, -20019283390184857]
[44956181639886687500, 1, 5064518615732357, -5064518615732357]
[44963438716660007500, 1, 2192558157587643, 2192558157587643]
[269764546838991015625, 6, 2930112023503517, -2930112023503517]
[1141453434776567593945391798, 25390625, 140705966657910236248827, -140705966657910236248827]
[494561583286017176343, 11, 12124457509442084, -12124457509442084]
[1573665926943995424947, 35, 22311396410729952, 22311396410729952]
[200795334453687997265625, 4466, 1590890183809815737, -1590890183809815737]
[44961668254226181250, 1, 422095723761393, 422095723761393]
[44996670369320710403, 1, 35424210818290546, 35424210818290546]
[44958690956938764049, 1, 2555201563655808, -2555201563655808]
[2742591629627477587498, 61, 44386041170023779, -44386041170023779]
[73896036644838493285731, 1643, 24709206419017460680, 24709206419017460680]
[2959190726467051108013148, 65773, 1954682883871446758687, 1954682883871446758687]
[804133284588246510559206, 17885, 1397043430731416761, 1397043430731416761]
[4675954359181484824811, 104, 15241302766840317, -15241302766840317]
[89922654478280427507, 2, 162161275587793, 162161275587793]
[1034122144319932801718, 23, 13482674377145007, 13482674377145007]
[6383974912562195049915, 142, 522041945148569779, -522041945148569779]
[6383984965832424247155, 142, 511988674919372539, -511988674919372539]
[44962398194234078125, 1, 1152035731658268, 1152035731658268]
[134874327383165346694, 3, 9411092341912877, -9411092341912877]
[116225285408921105796141, 2585, 464089192350465796, 464089192350465796]
[2472685584929216049121, 55, 182953788417043014, -182953788417043014]
[2399727094693206507350087, 53391, 798798955396191235000, -798798955396191235000]
[1388795005653017841901506, 30889, 12926936963405061367, -12926936963405061367]
[111998960021170307404583, 2491, 495840340779540796, 495840340779540796]
[6582954220722727625626459, 146410, 178170656388334363089, 178170656388334363089]
[2382955153241412621157, 53, 9106840784368736, 9106840784368736]
[784935386476204477548179, 17459, 43010205089270735184, -43010205089270735184]
[8317787534095119521441, 185, 43005227828152104, -43005227828152104]
[2051920916339346326927642321, 45637018, 23716101340538870175895, 23716101340538870175895]
[197964582474722891883824, 4403, 215638836737253453, 215638836737253453]
[812582907074820252603091, 18073, 1694747793981472470, -1694747793981472470]
[5351685155967150683919, 119, 1296863105362720936, 1296863105362720936]
[1573031174096362158711, 35, 612441451222536284, -612441451222536284]
[44953823984134071825, 1, 7422174368348032, -7422174368348032]
[584470191870804042279, 13, 26008189727415862, -26008189727415862]
[44961246395347227075, 1, 236844807218, 236844807218]
[44961298333915013505, 1, 52175412593648, 52175412593648]
[1528679689063018366875, 34, 2680326063908263, -2680326063908263]
[6565755445785650303085, 146, 1413506644297003963, 1413506644297003963]
[179828896381714115809, 4, 16088252295563619, -16088252295563619]
[1438356854379653272155, 32, 403022692424163269, -403022692424163269]
[44961332563879149808, 1, 86405376729951, 86405376729951]
[14344254522228911341000, 319, 1616997666639406617, 1616997666639406617]
[2383090175344442005442, 53, 144128943813753021, 144128943813753021]
[89921312391861994967, 2, 1179925142844747, -1179925142844747]
[224806371570101148916, 5, 140777589049631, 140777589049631]
[18839605818513313870320515, 419018, 34375669946906680089, 34375669946906680089]
[8812382578537159730999, 196, 21668529314560973, -21668529314560973]
[44961769309637979568, 1, 523151135559711, 523151135559711]
[44961535028016216337, 1, 288869513796480, 288869513796480]
[854269016919682357334, 19, 5339908136380051, 5339908136380051]
[2933211897774280653623871, 65231, 344849609009303931904, 344849609009303931904]
[2652562786935358516157, 59, 150736416284255406, -150736416284255406]
[32781431598451590109783, 729, 4683148903326034030, 4683148903326034030]
[44934160853975342207, 1, 27085304527077650, -27085304527077650]
[34844299641795772298200162, 774965, 907512571944493720157, 907512571944493720157]
[48964503962469986002025, 1089, 1706895860850777752, 1706895860850777752]
[404651244241775868865, 9, 28815254090152, 28815254090152]
[314827883924431924618, 7, 99160814914985619, 99160814914985619]
[3012737899396864022748, 67, 334406777201892329, 334406777201892329]
[44959579890566599544, 1, 1666267935820313, -1666267935820313]
[1286301235514635652956215, 28609, 4944166039923267302, 4944166039923267302]
[83124059419033565309443, 1849, 9284728037409006150, -9284728037409006150]
[5331602618607883417303119, 118579, 143010378824973079916, 143010378824973079916]
[184655255520481386629341, 4107, 582452488051723358, -582452488051723358]
[167220706933039614700747, 3721, 80090022747889587150, -80090022747889587150]
[61553090917035353771320, 1369, 1144926045540987087, 1144926045540987087]
[2742649908063401994570, 61, 13892394754383293, 13892394754383293]
[274613727479509920444319, 6105, 125319681852647217334, 125319681852647217334]
[494577068841135407475, 11, 3361097608789048, 3361097608789048]
[87359519320834905420790, 1943, 181965135296361361, -181965135296361361]
[2652705613918180554261, 59, 7909433462217302, -7909433462217302]
[764407594157961287123, 17, 66409463420149554, 66409463420149554]
[44955965704311822776, 1, 5280454190597081, -5280454190597081]
[1797506590826613829981, 40, 943255513482964299, -943255513482964299]
[2337652418416847919695, 52, 332381825277912869, -332381825277912869]
[198633324787265785247831, 4418, 5460740997905680395, -5460740997905680395]
[166941686053235562814345, 3713, 579066716077885304, 579066716077885304]
[57106694530535225350775, 1271, 39049336921350287472, -39049336921350287472]
[44958767590074001937, 1, 2478568428417920, -2478568428417920]
[314737317852433404786, 7, 8594742916465787, 8594742916465787]
[1124112001982543092519, 25, 80848019982596094, 80848019982596094]
[44959715485252227660, 1, 1530673250192197, -1530673250192197]
[1843475751093072818106, 41, 64658594473603969, 64658594473603969]
[944220525502652080925, 21, 34356174101263928, 34356174101263928]
[98777904539071756640895, 2197, 1953271158059784934, -1953271158059784934]
[449600427421353845637, 10, 12034163670352933, -12034163670352933]
[269771659847617852925, 6, 4182896603333783, 4182896603333783]
[3461946291640547815515, 77, 69662564138513474, -69662564138513474]
[3821699383114864578327, 85, 6540357841109518, -6540357841109518]
[21354055080908607645071, 475, 2536844380041787004, -2536844380041787004]
[631827927191752087565164, 14053, 12465073682418685257, -12465073682418685257]
[854238790235883980460, 19, 24886775661996823, -24886775661996823]
[6384469451065840318353, 142, 27503441503301341, -27503441503301341]
[1663567358876314979568, 37, 1251011725444859, 1251011725444859]
[19298987021781728640344735, 429229, 316294413893467544482, 316294413893467544482]
[34483044757081905383021, 767, 2231046489450647298, -2231046489450647298]
[415670355116311024752113, 9245, 3634380956153174148, 3634380956153174148]
[175250543304892536443569321, 3896083, 77796487935952979849190, 77796487935952979849190]
[3105450083215191623650085, 69069, 21772293587986546952, 21772293587986546952]
[6024796534896587388633, 134, 10450342736872205, -10450342736872205]
[494686798291394868579, 11, 113090547868250152, 113090547868250152]
[3686919835947801487983, 82, 97650950603059709, 97650950603059709]
[27651381441999731093488, 615, 215054520742881433, 215054520742881433]
[736644880890773881889985, 16384, 176170129765047103, -176170129765047103]
[11913996542566046362841, 265, 733689437094899264, -733689437094899264]
[12368801807119050523317, 275, 4459113530885062642, 4459113530885062642]
[44963265240953981416, 1, 2019082451561559, 2019082451561559]
[314727784745694631844, 7, 938363822307155, -938363822307155]
[37811274221979667796100, 841, 1133797320867303637, -1133797320867303637]
[44960139475805328635, 1, 1106682697091222, -1106682697091222]
[5532505776347321296811, 123, 2272498851523654400, 2272498851523654400]
[89910683885180941295, 2, 11808431823898419, -11808431823898419]
[89920394375726400045, 2, 2097941278439669, -2097941278439669]
[773425042139615713155581, 17202, 1685721057086775467, 1685721057086775467]
[22166002231824923286535, 493, 107875683230297034, 107875683230297034]
[21624004561939266566503, 481, 2354840300397384714, -2354840300397384714]
[4799311582333249035116827, 106743, 13283636225232321076, 13283636225232321076]
[151237864617651279717275, 3363, 33193786607641738184, 33193786607641738184]
[529054009026488613705869, 11767, 4974520609360751450, -4974520609360751450]
[269759507686307404997, 6, 7969264707114145, -7969264707114145]
[44967636157242321297, 1, 6389998739901440, 6389998739901440]
[2203708460954856650163, 49, 607399188238077170, 607399188238077170]
[44960968503635824062, 1, 277654866595795, -277654866595795]
[44961837173558799291, 1, 591015056379434, 591015056379434]
[89927042214347444009, 2, 4549897342604295, 4549897342604295]
[584512155713397689724, 13, 15955652866231583, 15955652866231583]
[38261968075268834232908, 851, 52405616725065399, -52405616725065399]
[89858284092682675983, 2, 64208224322163731, -64208224322163731]
[44964154890224491230, 1, 2908731722071373, 2908731722071373]
[1593541139159457008112987, 35443, 20308436344258878664, -20308436344258878664]
[6069769745934285287198, 135, 1514536458606503, 1514536458606503]
[44961418050797674503, 1, 171892295254646, 171892295254646]
[354738075942567109694011617, 7890481, 27782607419222641669600, -27782607419222641669600]
[44941497335780349456, 1, 19748822722070401, -19748822722070401]
[2652585039763653082842, 59, 128483587989688721, -128483587989688721]
[89923043288824687305, 2, 550971819847591, 550971819847591]
[71893430159069815481024, 1599, 397551624446129681, 397551624446129681]
[9217015721966864963268, 205, 39740526131107417, -39740526131107417]
[2113507721990171516625, 47, 329152540557783346, 329152540557783346]
[2023251393798701349247, 45, 4683333907544318, -4683333907544318]
[2113097732003700716175, 47, 80837445913017104, -80837445913017104]
[255701677471683226389999, 5687, 7070568279964663240, 7070568279964663240]
[3915244625515787235769980, 87079, 64271279555017042277, 64271279555017042277]
[75704912098944840780585673, 1683715, 2987523181938931056918, 2987523181938931056918]
[2742599454822556893927, 61, 36560846090717350, -36560846090717350]
[21723337947674342089189045, 483153, 176982455422428019924, 176982455422428019924]
[11110812246498876589865, 247, 5384445348778885186, 5384445348778885186]
[764230358929356060929, 17, 110825765185076640, -110825765185076640]
[224806447327931324641, 5, 216535419225356, 216535419225356]
[1124033584359796699501, 25, 2430397236203076, 2430397236203076]
[44957184528372498382, 1, 4061630129921475, -4061630129921475]
[764495519165347391279, 17, 154334470806253710, 154334470806253710]
[44963643902608469071, 1, 2397744106049214, 2397744106049214]
[44978997562188849439, 1, 17751403686429582, 17751403686429582]
[44961707368680624235, 1, 461210178204378, 461210178204378]
[1933384022252847233251, 43, 50437437243179400, 50437437243179400]
[853796598840630781135, 19, 467078170915196148, -467078170915196148]
[134842941948155508001, 3, 40796527351751570, -40796527351751570]
[15330048151330702294778, 341, 1736788718622876459, -1736788718622876459]
[361511495054942396590608, 8041, 21885305575561479529, -21885305575561479529]
[23505096155609097511344863, 522784, 76043882568448822975, 76043882568448822975]
[37950667184026397705078125, 842859, 54676208117206606826962, 54676208117206606826962]
[1393207716390380859375, 31, 590914523194156192, -590914523194156192]
[1258850717742946640625, 28, 64174695121115371, -64174695121115371]
[44961229770242076135, 1, 16388260343722, -16388260343722]
[113610312081531345460302, 2527, 6756961004269518337, -6756961004269518337]
[44960768307341347230, 1, 477851161072627, -477851161072627]
[2742652319661253125000, 61, 16303992605513723, 16303992605513723]
[3012405307731598930470, 67, 1815111936800051, 1815111936800051]
[44961132856542803732, 1, 113301959616125, -113301959616125]
[44986980472186181397, 1, 25734313683761540, 25734313683761540]
[29809092078860443238645, 663, 214124226661126546, -214124226661126546]
[674412618069464979892, 15, 6074308071317963, -6074308071317963]
[44927391118822653705, 1, 33855039679766152, -33855039679766152]
[134890584459636700717, 3, 6845984129441146, 6845984129441146]
[44466081937918059976095, 989, 590512840833262478, -590512840833262478]
[65193614895032711078937, 1450, 192034795797713713, -192034795797713713]
[4493233745496160502357949, 99937, 58311846095830891060, -58311846095830891060]
[764339837668068986038, 17, 1347026472151531, -1347026472151531]
[494698469746970692815, 11, 124762003444074388, 124762003444074388]
[44961136796838089503, 1, 109361664330354, -109361664330354]
[4270666930828559898538, 95, 651454229169987877, -651454229169987877]
[44961900792629121201, 1, 654634126701344, 654634126701344]
[1096538614886995369604375, 24389, 21217672720148287998, -21217672720148287998]
[5530259904920249897825, 123, 26627424452255414, 26627424452255414]
[1753496523661681927366, 39, 7923480087552943, 7923480087552943]
[224813963245796522657, 5, 7732453284423372, 7732453284423372]
[2075533873951467102246425, 46163, 12132463480105612266, -12132463480105612266]
[1663167398600478331029, 37, 398709264111203680, -398709264111203680]
[34901504994741348169543337, 776254, 157819219210745867659, 157819219210745867659]
[134883363006190988840, 3, 375469316270731, -375469316270731]
[21629689993055283800749, 481, 3330590815619849532, 3330590815619849532]
[33903439514379756564593, 754, 2659910868931992415, 2659910868931992415]
[99318391953901326041227, 2209, 1000810230519422886, -1000810230519422886]
[1094948455964487040434832, 24353, 7228266477609657311, 7228266477609657311]
[50629480266188694619546709, 1126069, 14765730033193594576, 14765730033193594576]
[130882508381842387326695, 2911, 320814441843122968, 320814441843122968]
[2383049193466124888771, 53, 103147065496636350, 103147065496636350]
[1034115525250578177022, 23, 6863605022520311, 6863605022520311]
[224772057438209853091, 5, 34173354302246194, -34173354302246194]
[1303865597422605599745, 29, 10541173964576108, -10541173964576108]
[135842669377351890979653089, 3021266, 2785041037918947974127, 2785041037918947974127]
[24098461850794160895233, 536, 766090163136148119, -766090163136148119]
[3232061470455847699623522, 71891, 247477125049766316065, -247477125049766316065]
[1304107168294387502375, 29, 231029697817326522, 231029697817326522]
[8407723672435862356075, 187, 29359204090157184, -29359204090157184]
[44964817392250443758, 1, 3571233748023901, 3571233748023901]
[44962567251160164109, 1, 1321092657744252, 1321092657744252]
[4104381564662520165597463, 91287, 4286591309764111504, 4286591309764111504]
[134968085155762454975, 3, 84346680255195404, 84346680255195404]
[355340032487151251757051677, 7904475, 55013741577163442108398, -55013741577163442108398]
[17760127796282947172009, 395, 435563674491328494, 435563674491328494]
[3703474815786699194794449, 82369, 61930957013373593216, 61930957013373593216]
[494533544050426317683, 11, 40163693100300744, -40163693100300744]
[1932452915901512073691, 43, 880668914091980160, -880668914091980160]
[11095963296457926045950791, 246790, 22642998886150558239, -22642998886150558239]
[2113174647618081043542, 47, 3921831532689737, -3921831532689737]
[1479891316991236907361911827, 32912245, 115767917296431935462862, 115767917296431935462862]
[14523485414395579182275, 323, 1002905199297568464, 1002905199297568464]
[2607781273511961903125, 58, 28996318821551419, 28996318821551419]
[1258875296240048830967, 28, 39596198018925029, -39596198018925029]
[3282171227496487629186, 73, 257925810979625, 257925810979625]
[44961071210952612807, 1, 174947549807050, -174947549807050]
[44984441328794900875, 1, 23195170292481018, 23195170292481018]
[1034117234673359037500, 23, 8573027803380789, 8573027803380789]
[89933078487369100867, 2, 10586170364261153, 10586170364261153]
[216160016996398787281624, 4807, 31306712477655029025, 31306712477655029025]
[3192257613243326676391, 71, 9135989654866544, 9135989654866544]
[539545078945548923149, 12, 10125043519884865, 10125043519884865]
[25133799397135130071040, 559, 462794532277370977, 462794532277370977]
[520289109171871757014107239, 11571875, 3188781451567231385364, 3188781451567231385364]
[6051991775084020830078125, 134603, 73158411119610066354, 73158411119610066354]
[3194258265368902264247, 71, 2009788115230454400, 2009788115230454400]
[158044395732602626024778, 3515, 5615485466620227423, 5615485466620227423]
[854244556281082484375, 19, 19120730463492908, -19120730463492908]
[764332029642699543025, 17, 9155051841594544, -9155051841594544]
[1393798702704050076269, 31, 71790475060702, 71790475060702]
[91721253900205931702701, 2040, 311736860995194421, 311736860995194421]
[32866728685239509431798, 731, 57743374240516331, 57743374240516331]
[224809168699294840276, 5, 2937906782740991, 2937906782740991]
[33571810729737729820702625, 746691, 347125600600564740562, -347125600600564740562]
[44961986470818069653, 1, 740312315649796, 740312315649796]
[75579038424118166111265, 1681, 816368324401668352, -816368324401668352]
[32461698214731602964539, 722, 321511707144172215, -321511707144172215]
[3461998415001306884177, 77, 17539203379444812, -17539203379444812]
[1933460002455430949731, 43, 126417639826895880, 126417639826895880]
[44962414294387635997, 1, 1168135885216140, 1168135885216140]
[9666667609553931092039, 215, 314524089177216, -314524089177216]
[14591621309043156427984555, 324539, 56557991060409986368, -56557991060409986368]
[134859483238195788670, 3, 24255237311470901, -24255237311470901]
[13712065144262766755349, 305, 1114934080471301036, -1114934080471301036]
[314757601713150243219, 7, 28878603633304220, 28878603633304220]
[1394266770041206730851, 31, 468139127631715284, 468139127631715284]
[629647593348949044973, 14, 190147129915166975, 190147129915166975]
[2382957831127500175802, 53, 11784726871923381, 11784726871923381]
[15062132605894549373198, 335, 115142796238721103, 115142796238721103]
[246231885554949767400681, 5476, 24101590990516263749, 24101590990516263749]
[359682818235479034491, 8, 7151032540324365, -7151032540324365]
[1573624012118998027903, 35, 19603428586667092, -19603428586667092]
[1843405140552651526375, 41, 5951945947687762, -5951945947687762]
[3911595618754188882275, 87, 32797035521645284, -32797035521645284]
[44961513484863353334, 1, 267326360933477, 267326360933477]
[5979659143540138570814, 133, 186595540683270167, -186595540683270167]
[314708975103074268481, 7, 19748006442670518, -19748006442670518]
[44957273593439278981, 1, 3972565063140876, -3972565063140876]
[44945065345418215783, 1, 16180813084204074, -16180813084204074]
[66665044960088282761149277543, 1482762736, 1815407862254968636771209, -1815407862254968636771209]
[3462049440596375589974, 77, 33486391689260985, 33486391689260985]
[629440442287662123833, 14, 17003931371754165, -17003931371754165]
[44961219006265435029, 1, 27152236984828, -27152236984828]
[23782619723137529126983, 529, 1879494710250977370, -1879494710250977370]
[5440494065031906390629, 121, 183279853113587932, 183279853113587932]
[65508366956825845429817, 1457, 168696112180301832, -168696112180301832]
[10929464496479929704339867, 243089, 119870944265036278406, -119870944265036278406]
[86427582914187330335247, 1922, 12067797545679370093, 12067797545679370093]
[89930836860874421615, 2, 8344543869581901, 8344543869581901]
[44960993637335120352, 1, 252521167299505, -252521167299505]
[587738256108116158739295, 13072, 4846324172526368591, 4846324172526368591]
[13533375628505381428800, 301, 40534796153051843, 40534796153051843]
[44961184426906672470, 1, 61731595747387, -61731595747387]
[9648792701242733099923229, 214600, 109275628113798611029, 109275628113798611029]
[584643137568738636061, 13, 146937508207177920, 146937508207177920]
[2652791458857591203997, 59, 77935505948432434, 77935505948432434]
[449407759149074336897, 10, 204702435949861673, -204702435949861673]
[5441166865737729435337, 121, 856080558936632640, 856080558936632640]
[168651513182592377234375, 3751, 1878842049800350768, 1878842049800350768]
[6204230920684172683541, 138, 421049189161256725, -421049189161256725]
[44942605414560484540, 1, 18640743941935317, -18640743941935317]
[44962452753761381751, 1, 1206595258961894, 1206595258961894]
[44961338490720535422, 1, 92332218115565, 92332218115565]
[134882362216402899956, 3, 1376259104359615, -1376259104359615]
[1258912654314797900769, 28, 2238123269855227, -2238123269855227]
[629249292634633847969, 14, 208153584400030029, -208153584400030029]
[37811960664499309916056, 841, 447354801225183681, -447354801225183681]
[269777599255527741889, 6, 10122304513222747, 10122304513222747]
[1935181743412969920754751, 43043, 85174987449737150100, -85174987449737150100]
[75520431699606244922454039, 1679623, 2488543123934974980128, 2488543123934974980128]
[102466574382934695933741, 2279, 105612292318920362, -105612292318920362]
[363489103491553379218697, 8084, 22389546219817094709, 22389546219817094709]
[12816848524920425661863, 285, 2893369747236002618, 2893369747236002618]
[539532693548703813575, 12, 2260353325224709, -2260353325224709]
[1123891598091397088623, 25, 139555871163407802, -139555871163407802]
[44959593427119382473, 1, 1652731383037384, -1652731383037384]
[19693468174809725699557, 438, 442357385665802191, 442357385665802191]
[5785955751872258151860055, 128686, 72828719215750142153, 72828719215750142153]
[323317665447155276866540, 7191, 1344321364375674853, 1344321364375674853]
[840486402831943862161769, 18693, 25828391058127774868, 25828391058127774868]
[494583516366894390996, 11, 9808623367772569, 9808623367772569]
[224827834566418406869, 5, 21603773906307584, 21603773906307584]
[764308596793277271617, 17, 32587901263865952, -32587901263865952]
[584519898380290600651, 13, 23698319759142510, 23698319759142510]
[315245476591267299819114754367, 7011236301, 11555386578333921373125410, 11555386578333921373125410]
[1753494447761480122013, 39, 5847579885747590, 5847579885747590]
[5621452760068826856371, 125, 1296990256024374246, 1296990256024374246]
[224822683937026075637, 5, 16453144513976352, 16453144513976352]
[9951251510932752705475503055, 221333071, 159177315540642405687792, -159177315540642405687792]
[1663549871844369912742, 37, 16236020219621967, -16236020219621967]
[2383301353521034526463, 53, 355307120406274042, 355307120406274042]
[44961196880782196190, 1, 49277720223667, -49277720223667]
[259067301236375458492365, 5762, 600871084515276331, 600871084515276331]
[75522762168459724610935, 1679, 32829868334161671032, 32829868334161671032]
[1303913170362639079789, 29, 37031766068903936, 37031766068903936]
[760159561998868185892091, 16907, 226802932226630208, -226802932226630208]
[1303473821994657031407, 29, 402316601913144446, -402316601913144446]
[159633607534373234439961, 3551, 23777574468858472246, -23777574468858472246]
[1034347768683870313223, 23, 239107038314656512, 239107038314656512]
[89927260925558961625, 2, 4768608554121911, 4768608554121911]
[1124004256966132087728, 25, 26896996428408697, -26896996428408697]
[20680756186771736568199, 460, 1417046139376566021, -1417046139376566021]
[44964315882234230625, 1, 3069723731810768, 3069723731810768]
[44962962174205025625, 1, 1716015702605768, 1716015702605768]
[3192262338823520484375, 71, 13861569848674528, 13861569848674528]
[166580686911624199457716, 3705, 730105627266112469, -730105627266112469]
[26484631588830843673245, 589, 2457601472918377472, 2457601472918377472]
[2652965036865864013787, 59, 251513514221242224, 251513514221242224]
[79805451885762807765522, 1775, 760045578987480653, -760045578987480653]
[44935923871274192757, 1, 25322287228227100, -25322287228227100]
[44961760233932128587, 1, 514075429708730, 514075429708730]
[44964103176830360061, 1, 2857018327940204, 2857018327940204]
[584497605799255207642, 13, 1405738723749501, 1405738723749501]
[5979784770976422870189, 133, 60968104398970792, -60968104398970792]
[604910470255109242114293, 13454, 1864438617685358215, 1864438617685358215]
[44962059756507666003, 1, 813598005246146, 813598005246146]
[89943477227477172425, 2, 20984910472332711, 20984910472332711]
[44962072023775802948, 1, 825865273383091, 825865273383091]
[584488158381078855121, 13, 8041679452603020, -8041679452603020]
[584505300912998122575, 13, 9100852466664434, 9100852466664434]
[269773415927606665711, 6, 5938976592146569, 5938976592146569]
[404682366959334449765, 9, 31151532812671052, 31151532812671052]
[899222891057606993133, 20, 2032112441404007, -2032112441404007]
[1393685079265516635828, 31, 113551648058379739, -113551648058379739]
[5575206477328712046729, 124, 11953674411984461, 11953674411984461]
[2517785185289941255023, 56, 44599586194256969, -44599586194256969]
[90960060422111313434607, 2023, 3459443460918063896, 3459443460918063896]
[1034611563690185546875, 23, 502902044629890164, 502902044629890164]
[44959496546585350625, 1, 1749611917069232, -1749611917069232]
[1303921104059673640625, 29, 44965463103464772, 44965463103464772]
[494569751907899241875, 11, 3955835627376552, -3955835627376552]
[209570234196974948828125, 4661, 5865852195169874648, 5865852195169874648]
[3282262613677978515625, 73, 91644107301866064, 91644107301866064]
[854238563055130859375, 19, 25113956415117908, -25113956415117908]
[468435237554539812922421875, 10418633, 514606443270820426394, 514606443270820426394]
[6968965850707179100397, 155, 27303860695977438, -27303860695977438]
[44961396870930302609, 1, 150712427882752, 150712427882752]
[6519351469430209710223, 145, 29223552641169042, -29223552641169042]
[404607101607058304150, 9, 44113819463474563, -44113819463474563]
[44986432356882986162, 1, 25186198380566305, 25186198380566305]
[63217342165945940539235, 1406, 1830067091538220293, 1830067091538220293]
[44956391949824003422, 1, 4854208678416435, -4854208678416435]
[44955250954572390289, 1, 5995203930029568, -5995203930029568]
[44951955305437050739, 1, 9290853065369118, -9290853065369118]
[54941597251426075302167, 1222, 1045554263881763087, -1045554263881763087]
[19108707554123699969743, 425, 177936760171530518, 177936760171530518]
[19648030357492250833449, 437, 34213773306644060, -34213773306644060]
[44991075336877071207, 1, 29829178374651350, 29829178374651350]
[559994942042996656972139, 12455, 2621138849017653204, 2621138849017653204]
[11641232415603627547855, 259, 3730339448499195108, -3730339448499195108]
[42670046127884673806245, 949, 1823523465877361952, 1823523465877361952]
[44960898330639338125, 1, 347827863081732, -347827863081732]
[325978128519237716604563, 7250, 9093870095172641313, 9093870095172641313]
[281010151342380880474923, 6250, 2362851740756368673, 2362851740756368673]
[1663575158228409506535, 37, 9050363819971826, 9050363819971826]
[1303762020173079133095, 29, 114118423491042758, -114118423491042758]
[44951945273150749625, 1, 9300885351670232, -9300885351670232]
[6024840080201522773375, 134, 33094962198512537, 33094962198512537]
[44960219399071701825, 1, 1026759430718032, -1026759430718032]
[1843415241088215985941, 41, 4148589616771804, 4148589616771804]
[71337761000111907277984, 1587, 15736653431433035075, -15736653431433035075]
[584411069150810451660, 13, 85130909721006481, -85130909721006481]
[1348884986854145136887, 30, 47602099072541177, 47602099072541177]
[8676585446901177995672609, 193027, 2149015336068602064530, -2149015336068602064530]
[2382943730852455386727, 53, 2315548172865694, -2315548172865694]
[44983361513216068623, 1, 22115354713648766, 22115354713648766]
[89925035604399436805, 2, 2543287394597091, 2543287394597091]
[6519388648163552188533, 145, 7955180701309268, 7955180701309268]
[1663935515289306640625, 37, 369407424717105916, 369407424717105916]
[88172199091970923068125, 1961, 3195375147677728548, 3195375147677728548]
[314877753075733309935, 7, 149029966216370936, 149029966216370936]
[331410671476740019758110, 7371, 1326042418682992163, 1326042418682992163]
[3686833169394973454241, 82, 10984397775025967, 10984397775025967]
[92572198947446821585745, 2059, 3006892909660899818, -3006892909660899818]
[44961323515706153892, 1, 77357203734035, 77357203734035]
[44960056409893654185, 1, 1189748608765672, -1189748608765672]
[24772061300234446884350, 551, 1585333100386456857, -1585333100386456857]
[44980602324549544289, 1, 19356166047124432, 19356166047124432]
[3011741194553888081974, 67, 662298065774048445, -662298065774048445]
[89923671428335230343, 2, 1179111330390629, 1179111330390629]
[10880760757404731024587, 242, 139187047145419193, 139187047145419193]
[18568973388810243643871, 413, 21274651255757070, -21274651255757070]
[126295189261076102449257, 2809, 951198157194929056, -951198157194929056]
[44957167001823751142, 1, 4079156678668715, -4079156678668715]
[44953889762648811373, 1, 7356395853608484, -7356395853608484]
[92475763756004638429589, 2057, 9519592034839216260, -9519592034839216260]
[584495364739096703134, 13, 835321434755007, -835321434755007]
[44961782717570972110, 1, 536559068552253, 536559068552253]
[2333534173852408435533903, 51901, 536979974342535746, 536979974342535746]
[27381650516982785048237, 609, 251606454811355324, 251606454811355324]
[2741851007821614444125, 61, 785007847033167152, -785007847033167152]
[27469507047679957308928, 611, 1814355165021223699, -1814355165021223699]
[2742554523991719447725, 61, 81491676928163552, -81491676928163552]
[168988171140268744125373, 3757, 68769322775152722624, 68769322775152722624]
[4026843928050380936147455079, 89562295, 11536034970450700963264, 11536034970450700963264]
[314732328077326409952, 7, 3604967809470953, 3604967809470953]
[944373456943748225290, 21, 187287615197408293, 187287615197408293]
[44953398526929243858, 1, 7847631573175999, -7847631573175999]
[44964642455921383857, 1, 3396297418964000, 3396297418964000]
[4203763799404358834002899, 93499, 67755169458920206744, -67755169458920206744]
[854282537490007820007, 19, 18860478461842724, 18860478461842724]
[18568885998842743178763, 413, 108664618756222178, -108664618756222178]
[12139546315376525710339, 270, 9852580872348949, 9852580872348949]
[2562715059516962494319, 57, 75971517675437530, -75971517675437530]
[1483954538609486087809, 33, 233415378906232528, 233415378906232528]
[48244403337599510324775, 1073, 986209526413818214, 986209526413818214]
[944210380156804517900, 21, 24210828253700903, 24210828253700903]
[2517882809704548837265, 56, 53024828413325273, 53024828413325273]
[89961151683457055925, 2, 38659366452216211, 38659366452216211]
[44963060638038681600, 1, 1814479536261743, 1814479536261743]
[854220740132626147710, 19, 42936878919829573, -42936878919829573]
[134884242973724472371, 3, 504498217212800, 504498217212800]
[44957998391525654050, 1, 3247766976765807, -3247766976765807]
[134886075622905684875, 3, 2337147398425304, 2337147398425304]
[4226461276383123007945, 94, 104137483895541387, 104137483895541387]
[1777142598188261570955689, 39527, 40578718863578731950, -40578718863578731950]
[9756194764688758692969, 217, 395651706266416000, -395651706266416000]
[441563222882877750977283, 9821, 1175639774514438314, -1175639774514438314]
[44959388261289609632, 1, 1857897212810225, -1857897212810225]
[108890331917498137742837248, 2421835, 1612327221429748459653, 1612327221429748459653]
[11015771298265750306146, 245, 265989432657441181, 265989432657441181]
[21941115316403692180255, 488, 27191054511290039, 27191054511290039]
[584535097969547493213, 13, 38897909016035072, 38897909016035072]
[269767655069483224667, 6, 178118468705525, 178118468705525]
[44961503195297964625, 1, 257036795544768, 257036795544768]
[2932827094480215324193055, 65231, 39953685056025498912, -39953685056025498912]
[3191633695314475949447, 71, 614781939195860400, -614781939195860400]
[44999399756425449517, 1, 38153597923029660, 38153597923029660]
[854289734811093840259, 19, 26057799547862976, 26057799547862976]
[584493596964637495597, 13, 2603095893962544, -2603095893962544]
[3552814097557936208791, 79, 875651036245040088, 875651036245040088]
[24773646391956942116637, 551, 241377891224570, -241377891224570]
[61562986408124514551875, 1369, 11040417134701767642, 11040417134701767642]
[4226351594305847903507, 94, 5544593379563051, -5544593379563051]
[134890171872270922937, 3, 6433396763663366, 6433396763663366]
[44961311854002369973, 1, 65695499950116, 65695499950116]
[64968360222849892872063, 1445, 640476186103821302, -640476186103821302]
[2892942421573467814059847, 64343, 959996946613200896, 959996946613200896]
[629552819756379075843, 14, 95373537345197845, 95373537345197845]
[34844762117033844949017, 775, 203655805530440158, -203655805530440158]
[89916372115202676087, 2, 6120201802163627, -6120201802163627]
[44938921541160600625, 1, 22324617341819232, -22324617341819232]
[7865827438035803289251, 175, 2390639702120185724, -2390639702120185724]
[45015190910127831250, 1, 53944751625411393, 53944751625411393]
[314697009296152843750, 7, 31713813364095249, -31713813364095249]
[44967434442525120174, 1, 6188284022700317, 6188284022700317]
[2383035672307873996322, 53, 89625907245743901, 89625907245743901]
[2337991128568093632067, 52, 6328325967799503, 6328325967799503]
[723585032726337099342375, 16093, 23698297557656583674, 23698297557656583674]
[44943570852965227290, 1, 17675305537192567, -17675305537192567]
[16591769807278087854733, 369, 1069974790694927500, 1069974790694927500]
[6416303251129155046746006, 142721, 610761858468817664891, -610761858468817664891]
[3641828509810628172479, 81, 32429028067835938, -32429028067835938]
[224789279412340024929, 5, 16951380172074356, -16951380172074356]
[1037213778271402465679333, 23069, 2790640910141998200, 2790640910141998200]
[89930987906473145159, 2, 8495589468305445, 8495589468305445]
[314696620463871761341, 7, 32102645645177658, -32102645645177658]
[193648211752978911874539, 4307, 124548308989550440, 124548308989550440]
[2427925892841610659685, 54, 18600282479987407, 18600282479987407]
[3282140581210366810605, 73, 30388360309838956, -30388360309838956]
[11015514014817897704603, 245, 8705984804839638, 8705984804839638]
[145359977876033720057973, 3233, 269045595396660292, 269045595396660292]
[38217469997394724025847, 850, 410762667667147397, 410762667667147397]
[89884383976824081381, 2, 38108340180758333, -38108340180758333]
[404835890327755314286, 9, 184674901233535573, 184674901233535573]
[44942947024656764457, 1, 18299133845655400, -18299133845655400]
[45473971371127456417137, 1012, 26809741276992478147, -26809741276992478147]
[179807641465727777733, 4, 37343168281901695, -37343168281901695]
[1168993683368217735831, 26, 1283247154819549, 1283247154819549]
[7238828890128954353598, 161, 68258610064756621, 68258610064756621]
[44995754601793002491, 1, 34508443290582634, 34508443290582634]
[44953784322493867788, 1, 7461836008552069, -7461836008552069]
[37823817101569286421612, 841, 11409082268751321875, 11409082268751321875]
[33876417420185976930672840, 753457, 51773339219172477191, 51773339219172477191]
[44999114992689773520, 1, 37868834187353663, 37868834187353663]
[44972565651651597300, 1, 11319493149177443, 11319493149177443]
[224913757734835513344, 5, 107526942323414059, 107526942323414059]
[44968139644897600704, 1, 6893486395180847, 6893486395180847]
[224808259842478894491, 5, 2029049966795206, 2029049966795206]
[3912164987338265067520, 87, 536571548554539961, 536571548554539961]
[44962095612942993408, 1, 849454440573551, 849454440573551]
[2472869803689533851776, 55, 1264971900759641, 1264971900759641]
[44962059653504501607, 1, 813495002081750, 813495002081750]
[8407713690532620050085, 187, 39341107332463174, -39341107332463174]
[34850784510659828372662, 775, 5818737820452983487, 5818737820452983487]
[121435109632087941527530, 2701, 5216242027094506227, -5216242027094506227]
[14972560758585457516350667, 332948, 2803772604393829802231, 2803772604393829802231]
[3372103263410573405234, 75, 9801522891915959, 9801522891915959]
[44960080236447364625, 1, 1165922055055232, -1165922055055232]
[44960692647791926005, 1, 553510710493852, -553510710493852]
[44961140565803734209, 1, 105592698685648, -105592698685648]
[5530024508082330908795, 123, 208769413466733616, -208769413466733616]
[44969550249017530125, 1, 8304090515110268, 8304090515110268]
[16249666715921659964945859, 361415, 2064453492107671796, -2064453492107671796]
[44961586816238925118, 1, 340657736505261, 340657736505261]
[224792811188687853419, 5, 13419603824245866, -13419603824245866]
[44963432378307113275, 1, 2186219804693418, 2186219804693418]
[44959646322874476490, 1, 1599835627943367, -1599835627943367]
[89924505999366794375, 2, 2013682361954661, 2013682361954661]
[854342030315373826834, 19, 78353303827849551, 78353303827849551]
[134885528034997078325, 3, 1789559489818754, 1789559489818754]
[1843290770145888749754, 41, 120322352710464383, -120322352710464383]
[3327133732127527974525, 74, 1516398348905107, 1516398348905107]
[179842869924614308295, 4, 2114709395371133, -2114709395371133]
[1054808991497131767621292, 23465, 206649612127514323213, -206649612127514323213]
[28042875025361566866479125, 623651, 2748897365374220241218, 2748897365374220241218]
[33629769724440340140625, 748, 1242402119469912411, -1242402119469912411]
[9396902257348515283360, 209, 1810221509533247, 1810221509533247]
[44961483392592494475, 1, 237234090074618, 237234090074618]
[764363181038932068945, 17, 21996344390931376, 21996344390931376]
[1258920507326317265625, 28, 5614888249509629, 5614888249509629]
[44961273186446534775, 1, 27027944114918, 27027944114918]
[1933338114117530796390, 43, 4529301926742539, 4529301926742539]
[44961586059968256250, 1, 339901465836393, 339901465836393]
[44968891551722134809, 1, 7645393219714952, 7645393219714952]
[44975437199365234375, 1, 14191040862814518, 14191040862814518]
[369305699587249755859375, 8214, 5976358689120846023, -5976358689120846023]
[44965800051493067847, 1, 4553892990647990, 4553892990647990]
[1034029135106323786547, 23, 79526539231870164, -79526539231870164]
[44965379650983278290, 1, 4133492480858433, 4133492480858433]
[342847278464712799951374, 7625, 17776506131848541749, 17776506131848541749]
[1034630043650230797801, 23, 521382004675141090, 521382004675141090]
[92574632615492774584019, 2059, 573224863707901544, -573224863707901544]
[44960381960468617323, 1, 864198033802534, -864198033802534]
[642833392894551183340809, 14297, 22456566442086645280, 22456566442086645280]
[5350344139516689295695, 119, 44153345098667288, -44153345098667288]
[314729472702555907641, 7, 749593038968642, 749593038968642]
[7956303213856115838902, 177, 1837356198812475787, -1837356198812475787]
[89931391185346554179, 2, 8898868341714465, 8898868341714465]
[44960726263479272253, 1, 519895023147604, -519895023147604]
[44955288937198559745, 1, 5957221303860112, -5957221303860112]
[44968932743834841522, 1, 7686585332421665, 7686585332421665]
[420885182928687672081870, 9361, 2957638946519800493, 2957638946519800493]
[1708524094695393648663, 38, 3259327698305903, -3259327698305903]
[89943150356240700805, 2, 20658039235861091, 20658039235861091]
[44963340346719746875, 1, 2094188217327018, 2094188217327018]
[449612331192389676311, 10, 130392634522259, -130392634522259]
[1034000922947008164865, 23, 107738698547491846, -107738698547491846]
[36779233307643271806250, 817, 45895196146794783081, 45895196146794783081]
[11015519210180870819302, 245, 13901347777954337, 13901347777954337]
[854294232443887734375, 19, 30555432341757092, 30555432341757092]
[16365830095294362231711, 364, 63506400518596237, -63506400518596237]
[2742659537841953767345, 61, 23522173306156068, 23522173306156068]
[584556124415805164617, 13, 59924355273706476, 59924355273706476]
[1393773492565181924469, 31, 25138348393091098, -25138348393091098]
[1303891842918344827277, 29, 15704321774651424, 15704321774651424]
[308532154873791403401600, 6859, 142967472623305602437, 142967472623305602437]
[3192072004493699903424, 71, 176472759971906423, -176472759971906423]
[4181405637317674831819, 93, 9744576949785118, 9744576949785118]
[2789252482737525847335, 62, 1655220910375816201, 1655220910375816201]
[1708217992033298453591, 38, 309361989793500975, -309361989793500975]
[5350159970762192120106, 119, 228322099595842877, -228322099595842877]
[224805954520241862612, 5, 276272270236673, -276272270236673]
[294991343027661961692310, 6561, 606981727585010533, 606981727585010533]
[297832258333750562033353, 6625, 35997466327969519272, -35997466327969519272]
[40419943236240886523875, 899, 217060252788927568, -217060252788927568]
