N indicates the RSA integer, Dim indicates the smooth bound of |u-vN|

The first element in the list represents the value of u, the second is the value of v,the third is the value of |u-vn |, and the fourth is the value of u-vn

N = 224139446127173377, Dim = 280
[224138934306451125, 1, 511820722252, -511820722252]
[307522165285502578125, 1372, 2845199020704881, 2845199020704881]
[672311545234579250, 3, 106793146940881, -106793146940881]
[2465147892480000000, 11, 386014918907147, -386014918907147]
[224050105039896576, 1, 89341087276801, -89341087276801]
[19047657089613993984, 85, 4195831195743061, -4195831195743061]
[671068813614995614, 3, 1349524766524517, -1349524766524517]
[224877694741149450, 1, 738248613976073, 738248613976073]
[12332254043254966002, 55, 4584506260430267, 4584506260430267]
[275721533028231017, 1, 51582086901057640, 51582086901057640]
[437995971446639375, 2, 10282920807707379, -10282920807707379]
[11937537692158203125, 51, 506425939672360898, 506425939672360898]
[440341153668040625, 2, 7937738586306129, -7937738586306129]
[144184979112901650, 1, 79954467014271727, -79954467014271727]
[193869636040332175, 1, 30269810086841202, -30269810086841202]
[226596183088860585, 1, 2456736961687208, 2456736961687208]
[224060569082350000, 1, 78877044823377, -78877044823377]
[6301003611515146875, 28, 25099119954292319, 25099119954292319]
[6284288368795078125, 28, 8383877234223569, 8383877234223569]
[5155832605498242525, 23, 625344573254854, 625344573254854]
[2451473933554529000, 11, 14059973844378147, -14059973844378147]
[632800312883870131, 3, 39618025497650000, -39618025497650000]
[1124461256547625227, 5, 3764025911758342, 3764025911758342]
[30538509403579926903, 136, 55544730284347631, 55544730284347631]
[128411811153252627, 1, 95727634973920750, -95727634973920750]
[151642374807008470, 1, 72497071320164907, -72497071320164907]
[224488325426841840, 1, 348879299668463, 348879299668463]
[209556551376046875, 1, 14582894751126502, -14582894751126502]
[2349930486963276875, 11, 115603420435630272, -115603420435630272]
[4255564756731356250, 19, 3084719684937913, -3084719684937913]
[461054743509562413176, 2057, 97174033223313, -97174033223313]
[433958003176909302, 1, 209818557049735925, 209818557049735925]
[231164463380712295, 1, 7025017253538918, 7025017253538918]
[448576101254737379, 2, 297209000390625, 297209000390625]
[3362103194889398183, 15, 11502981797528, 11502981797528]
[93073200966728125, 1, 131066245160445252, -131066245160445252]
[4559294891605715625, 17, 748924307443768216, 748924307443768216]
[213761248304296875, 1, 10378197822876502, -10378197822876502]
[3531078665598046875, 17, 279291918563900534, -279291918563900534]
[224337435152187500, 1, 197989025014123, 197989025014123]
[13000124266357421875, 58, 36390981366009, 36390981366009]
[99082519591807752, 1, 125056926535365625, -125056926535365625]
[207488108228111529, 1, 16651337899061848, -16651337899061848]
[223640241513304000, 1, 499204613869377, -499204613869377]
[224202017239593400, 1, 62571112420023, 62571112420023]
[417571626849691020245, 1863, 161285232981106, -161285232981106]
[225509244648187500, 1, 1369798521014123, 1369798521014123]
[4922943995063826225, 22, 8123819733988069, -8123819733988069]
[671566840228362694, 3, 851498153157437, -851498153157437]
[223430285703439122, 1, 709160423734255, -709160423734255]
[128884126874895024633, 575, 3945351770332858, 3945351770332858]
[239435836027561250, 1, 15296389900387873, 15296389900387873]
[7313594615503515625, 32, 141132339433967561, 141132339433967561]
[1360367651880974367488, 6069, 65353335159142475, 65353335159142475]
[192475503863413155, 1, 31663942263760222, -31663942263760222]
[222324957240170840, 1, 1814488887002537, -1814488887002537]
[223974541113074752, 1, 164905014098625, -164905014098625]
[223713212834535424, 1, 426233292637953, -426233292637953]
[224048911370041296, 1, 90534757132081, -90534757132081]
[36302069372767198, 1, 187837376754406179, -187837376754406179]
[241082366378203105, 1, 16942920251029728, 16942920251029728]
[213159103225619265, 1, 10980342901554112, -10980342901554112]
[1748254263127182152104, 7803, 705835003151708627, -705835003151708627]
[2461855896582071535, 11, 3678010816835612, -3678010816835612]
[269004357365512615, 2, 179274534888834139, -179274534888834139]
[11126897772716096007, 50, 80074533642572843, -80074533642572843]
[448097957430489821, 2, 180934823856933, -180934823856933]
[1075910803097991861, 5, 44786427537875024, -44786427537875024]
[2406280422726478016862, 10115, 139109925150119308507, 139109925150119308507]
[6051784317413244928, 27, 19271979563749, 19271979563749]
[417539089225768022513, 1863, 32698909155978838, -32698909155978838]
[218028194206159766, 1, 6111251921013611, -6111251921013611]
[224693896773757125, 1, 554450646583748, 554450646583748]
[221096347277041600, 1, 3043098850131777, -3043098850131777]
[54882472496169700096, 245, 31691804987777269, -31691804987777269]
[224148962219212800, 1, 9516092039423, 9516092039423]
[675274739728965376, 3, 2856401347445245, 2856401347445245]
[54670973240624125, 1, 169468472886549252, -169468472886549252]
[3587803437940981875, 16, 1572299906207843, 1572299906207843]
[3579150209734053045, 16, 7080928300720987, -7080928300720987]
[188509129916091389496, 841, 7855723138579439, 7855723138579439]
[2436345922259360160, 11, 29187985139546987, -29187985139546987]
[224595444935232000, 1, 455998808058623, 455998808058623]
[10985756015871611073, 49, 2923155640115600, 2923155640115600]
[224119673296257024, 1, 19772830916353, -19772830916353]
[20593157342605675947, 92, 27671701094274737, -27671701094274737]
[341951443630917120, 1, 117811997503743743, 117811997503743743]
[175753283602216320, 1, 48386162524957057, -48386162524957057]
[222011290903397688, 1, 2128155223775689, -2128155223775689]
[10981865515162977864, 49, 967345068517609, -967345068517609]
[455374620481721512, 1, 231235174354548135, 231235174354548135]
[2121591174634514583, 10, 119803286637219187, -119803286637219187]
[18154977754464911360, 81, 317381836132177, -317381836132177]
[21314101145262908983, 95, 20853763181438168, 20853763181438168]
[190251527959350000, 1, 33887918167823377, -33887918167823377]
[452861229917688645625, 2023, 572869597583096046, -572869597583096046]
[64763180112066150000, 289, 13119818686955953, -13119818686955953]
[379475801933593750, 1, 155336355806420373, 155336355806420373]
[5589947440716510976, 25, 13538712462823449, -13538712462823449]
[209557603092677697, 1, 14581843034495680, -14581843034495680]
[17096093850169292530, 81, 1059201286131751007, -1059201286131751007]
[10080624700262645925, 46, 229789821587329417, -229789821587329417]
[9386693522846997817185, 41876, 630076825485481933, 630076825485481933]
[6423204893677864875, 28, 147300402117010319, 147300402117010319]
[137533530007500000, 1, 86605916119673377, -86605916119673377]
[430829710917890625, 2, 17449181336456129, -17449181336456129]
[225210722456250000, 1, 1071276329076623, 1071276329076623]
[205135605675000000, 1, 19003840452173377, -19003840452173377]
[3788142395019531250, 17, 22228189142416159, -22228189142416159]
[2910744938964843750, 13, 3067860688410151, -3067860688410151]
[6422725457532825870, 29, 77318480155202063, -77318480155202063]
[2481613727742429696, 11, 16079820343522549, 16079820343522549]
[244971312725390625, 1, 20831866598217248, 20831866598217248]
[228135015636751314, 1, 3995569509577937, 3995569509577937]
[897468826904296875, 4, 911042395603367, 911042395603367]
[38684076171305436200, 171, 356230883558788733, 356230883558788733]
[224473759638036480, 1, 334313510863103, 334313510863103]
[226720035928926540, 1, 2580589801753163, 2580589801753163]
[2915878314498057216, 13, 2065514844803315, 2065514844803315]
[234711655427374125, 1, 10572209300200748, 10572209300200748]
[165590033216047440, 1, 58549412911125937, -58549412911125937]
[350181751562500000, 1, 126042305435326623, 126042305435326623]
[3479164258116421875, 16, 107066879918352157, -107066879918352157]
[229721132812500000, 1, 5581686685326623, 5581686685326623]
[18720305810352295703125, 83521, 44869635351917292, -44869635351917292]
[10294154630102646875, 46, 16259891747328467, -16259891747328467]
[27120974532241408000, 121, 101550853429383, 101550853429383]
[244678707329601545, 1, 20539261202428168, 20539261202428168]
[1188547634344533731255, 5292, 2401685439532220171, 2401685439532220171]
[238444649017259322, 1, 14305202890085945, 14305202890085945]
[696473579497021326, 1, 472334133369847949, 472334133369847949]
[12995939607740853309, 58, 4148267635202557, -4148267635202557]
[222143391145812500, 1, 1996054981360877, -1996054981360877]
[2457294743990288384, 11, 8239163408618763, -8239163408618763]
[632592182901142685, 3, 39826155480377446, -39826155480377446]
[2876810506517922601, 13, 37002293135331300, -37002293135331300]
[296308815871432507, 1, 72169369744259130, 72169369744259130]
[205234494291851409, 1, 18904951835321968, -18904951835321968]
[2469511114833052875, 11, 3977207434145728, 3977207434145728]
[37634653279768545, 1, 186504792847404832, -186504792847404832]
[786720961149177713750, 3509, 215644688926333857, 215644688926333857]
[7866755429678026596, 35, 21874815226958401, 21874815226958401]
[190095354377951295, 1, 34044091749222082, -34044091749222082]
[215124832015843750, 1, 9014614111329627, -9014614111329627]
[118591456921386718750, 529, 21689920112002317, 21689920112002317]
[1069453495173516453, 5, 51243735462350432, -51243735462350432]
[220185029499260595, 1, 3954416627912782, -3954416627912782]
[221353126074889270, 1, 2786320052284107, -2786320052284107]
[422561371944673125, 2, 25717520309673629, -25717520309673629]
[72674110543330336625, 323, 277069444253335854, 277069444253335854]
[83064344599111260, 1, 141075101528062117, -141075101528062117]
[2913172574812114944, 13, 640224841138957, -640224841138957]
[1121693274772728216, 5, 996044136861331, 996044136861331]
[291766102859629970, 1, 67626656732456593, 67626656732456593]
[19731016665762609375, 88, 6745406571352199, 6745406571352199]
[563859185550600225, 2, 115580293296253471, 115580293296253471]
[354310997021502950, 1, 130171550894329573, 130171550894329573]
[890770117187500000, 1, 666630671060326623, 666630671060326623]
[227573402493937500, 1, 3433956366764123, 3433956366764123]
[18101210937500000000, 81, 54084198801043537, -54084198801043537]
[175731904031472140625, 782, 454857160022559811, 454857160022559811]
[184819533113840625, 1, 39319913013332752, -39319913013332752]
[4279685459994140625, 19, 21035983577846462, 21035983577846462]
[78148419310826865, 1, 145991026816346512, -145991026816346512]
[5156570492879437115, 23, 1363231954449444, 1363231954449444]
[3831696808651355588, 17, 21326224489408179, 21326224489408179]
[2018952131283348415, 9, 1697116138788022, 1697116138788022]
[671238829329026770, 3, 1179509052493361, -1179509052493361]
[81362764939196768755, 363, 145995032832904, 145995032832904]
[75188471443356810, 1, 148950974683816567, -148950974683816567]
[224339159424005010, 1, 199713296831633, 199713296831633]
[214744866319072650, 1, 9394579808100727, -9394579808100727]
[219579532730929800, 1, 4559913396243577, -4559913396243577]
[312768309207013243936, 1395, 93781859606383021, 93781859606383021]
[253501635418959620000, 1131, 78150873469387, -78150873469387]
[215396835516721230300, 961, 1172211492384997, -1172211492384997]
[223268318516667021, 1, 871127610506356, -871127610506356]
[1579725632439257641, 7, 10749509549044002, 10749509549044002]
[537992817401657699438621, 2400650, 87543943541068056429, -87543943541068056429]
[7628427544022368083, 34, 7686375698473265, 7686375698473265]
[1101433969365018895879, 4913, 236870542216094678, 236870542216094678]
[6668762382048636595, 29, 168718444360608662, 168718444360608662]
[684182330587272374, 3, 11763992205752243, 11763992205752243]
[65408666186510136875, 299, 1609028205514702848, -1609028205514702848]
[45500003645080875000, 203, 303918735320531, -303918735320531]
[75759787946360546875, 338, 655155375945449, 655155375945449]
[225558573433683490, 1, 1419127306510113, 1419127306510113]
[9901888014923703045, 44, 39752385328074457, 39752385328074457]
[1120615347531423744, 5, 81883104443141, -81883104443141]
[241275312035323995, 1, 17135865908150618, 17135865908150618]
[201756557513671875, 1, 22382888613501502, -22382888613501502]
[224213288408931250, 1, 73842281757873, 73842281757873]
[224024913330078125, 1, 114532797095252, -114532797095252]
[123530314498653322260, 551, 29479682580791533, 29479682580791533]
[368163213724556250, 1, 144023767597382873, 144023767597382873]
[195787647244921875, 1, 28351798882251502, -28351798882251502]
[247385555718571875, 1, 23246109591398498, 23246109591398498]
[210701558461143750, 1, 13437887666029627, -13437887666029627]
[447821617919921875, 2, 457274334424879, -457274334424879]
[223963400424843750, 1, 176045702329627, -176045702329627]
[26667360122021484375, 119, 5233967112147488, -5233967112147488]
[454745012034482169, 2, 6466119780135415, 6466119780135415]
[220666848758809453, 1, 3472597368363924, -3472597368363924]
[1106501566339667823, 1, 882362120212494446, 882362120212494446]
[26915278954718912615, 119, 242684865585280752, 242684865585280752]
[497239770227161078, 1, 273100324099987701, 273100324099987701]
[237545515847389750, 1, 13406069720216373, 13406069720216373]
[7831615823255552042, 35, 13264791195516153, -13264791195516153]
[61632549269135081328, 275, 5798415837597347, -5798415837597347]
[140124660837766369281, 625, 37507008283008656, 37507008283008656]
[35448682210051446014692, 158125, 6632291192155776567, 6632291192155776567]
[6948240281904796875, 31, 82548037577812, -82548037577812]
[668775029797837963, 3, 3643308583682168, -3643308583682168]
[6052003792772633696, 27, 238747338952517, 238747338952517]
[241004014976909525, 1, 16864568849736148, 16864568849736148]
[576822766712806250, 3, 95595571668713881, -95595571668713881]
[3193893434930859375, 14, 55941189150432097, 55941189150432097]
[222356314946390625, 1, 1783131180782752, -1783131180782752]
[6043590234749940814, 27, 8174810683740365, -8174810683740365]
[81684515581804135, 1, 142454930545369242, -142454930545369242]
[224973755159784774, 1, 834309032611397, 834309032611397]
[6237939847783404029633, 28050, 49171616083809195217, -49171616083809195217]
[6443627719348828125, 28, 167723227787973569, 167723227787973569]
[444018976396838955, 2, 4259915857507799, -4259915857507799]
[216096440339841428185, 961, 698432611627812888, 698432611627812888]
[46819019129588128332, 209, 26125110991107461, -26125110991107461]
[6947765131438432980, 31, 557698503941707, -557698503941707]
[6468999900712510576311, 28861, 111346036159742714, 111346036159742714]
[84932073921846980, 1, 139207372205326397, -139207372205326397]
[294763882039222869, 1, 70624435912049492, 70624435912049492]
[963500282893352633, 4, 66942498384659125, 66942498384659125]
[10794553717234368018060, 48139, 4704920118368822657, 4704920118368822657]
[6065134943188310968, 27, 13369897754629789, 13369897754629789]
[14344421596515004995, 64, 502955624091133, -502955624091133]
[265486209927777265, 1, 41346763800603888, 41346763800603888]
[456197415786117291, 2, 7918523531770537, 7918523531770537]
[447786129247021565, 2, 492763007325189, -492763007325189]
[227129021184878085, 1, 2989575057704708, 2989575057704708]
[4263880704580803215, 19, 5231228164509052, 5231228164509052]
[2465784830134868970, 11, 250922735961823, 250922735961823]
[21314537879286221031, 95, 21290497204750216, 21290497204750216]
[1563437590524809220, 7, 5538532365404419, -5538532365404419]
[12130880841081300025, 54, 27350750213937667, 27350750213937667]
[26083350468588900487, 116, 83174717836788755, 83174717836788755]
[223724687440434726, 1, 414758686738651, -414758686738651]
[64767081672003506796, 289, 9218258749599157, -9218258749599157]
[221941437354005985, 1, 2198008773167392, -2198008773167392]
[441960606233449875, 2, 6318286020896879, -6318286020896879]
[21966517822439689785, 98, 852101976698839, 852101976698839]
[224320329479099875, 1, 180883351926498, 180883351926498]
[36144205368949335, 1, 187995240758224042, -187995240758224042]
[12840631484952008375, 57, 64683055703125886, 64683055703125886]
[6885533686674841825, 31, 62789143267532862, -62789143267532862]
[461585834384316957, 2, 13306942129970203, 13306942129970203]
[661285125686827642, 3, 11133212694692489, -11133212694692489]
[57058662401807430, 1, 167080783725365947, -167080783725365947]
[6536954600964671156, 29, 36910663276643223, 36910663276643223]
[227757074473252380, 1, 3617628346079003, 3617628346079003]
[895648676320394815, 4, 909108188298693, -909108188298693]
[231295984522162500, 1, 7156538394989123, 7156538394989123]
[1274023329698989089, 7, 294952793191224550, -294952793191224550]
[1545554621631635545, 9, 471700393512924848, -471700393512924848]
[227850285066378975, 1, 3710838939205598, 3710838939205598]
[64775984835228541875, 289, 315095524564078, -315095524564078]
[2246930680262349081, 10, 5536218990615311, 5536218990615311]
[6498093173185511040, 29, 1950764502516893, -1950764502516893]
[66575442824822521856, 297, 6027325052028887, 6027325052028887]
[4290689456457421875, 19, 32039980041127712, 32039980041127712]
[674560104393100625, 3, 2141766011580494, 2141766011580494]
[469689223667503125, 2, 21410331413156371, 21410331413156371]
[255110450311994550, 1, 30971004184821173, 30971004184821173]
[234262785288015900, 1, 10123339160842523, 10123339160842523]
[223927006466322432, 1, 212439660850945, -212439660850945]
[490236479152642855360, 2187, 43510472514679861, 43510472514679861]
[672666220203961984, 3, 247881822441853, 247881822441853]
[6948229759262668800, 31, 93070679705887, -93070679705887]
[4258537441394575680, 19, 112035021718483, -112035021718483]
[45158244190815392, 1, 178981201936357985, -178981201936357985]
[369783681189857825, 3, 302634657191662306, -302634657191662306]
[908073546948180855, 4, 11515762439487347, 11515762439487347]
[38245133869024225, 1, 185894312258149152, -185894312258149152]
[718821487242872741, 5, 401875743392994144, -401875743392994144]
[228516580273731750, 1, 4377134146558373, 4377134146558373]
[229031402607393750, 1, 4891956480220373, 4891956480220373]
[6503925596923828125, 29, 3881659235800192, 3881659235800192]
[19439768629063700480, 87, 60363184000383319, -60363184000383319]
[6497224625257648128, 29, 2819312430379805, -2819312430379805]
[1585108661766279890625, 7072, 5501245090231519, -5501245090231519]
[727929184462073033, 3, 55510846080552902, 55510846080552902]
[1535144483596679499115, 6859, 2227977389602693728, -2227977389602693728]
[224867562155995374, 1, 728116028821997, 728116028821997]
[63569340646961849, 1, 160570105480211528, -160570105480211528]
[171898851070927981, 3, 500519487310592150, -500519487310592150]
[823191517665588227, 3, 150773179284068096, 150773179284068096]
[5067471988332203125, 21, 360543619661562208, 360543619661562208]
[1677160528500234375, 7, 108184405610020736, 108184405610020736]
[3270296591167734375, 14, 132344345387307097, 132344345387307097]
[223999144071953250, 1, 140302055220127, -140302055220127]
[73732997136332625, 1, 150406448990840752, -150406448990840752]
[37096121672324211885, 169, 783444723168088828, -783444723168088828]
[11218552777113191939, 50, 11580470754523089, 11580470754523089]
