N indicates the RSA integer, Dim indicates the smooth bound of |u-vN|

The first element in the list represents the value of u, the second is the value of v,the third is the value of |u-vn |, and the fourth is the value of u-vn

N = 1034879359475633166138643, Dim = 1200
[1033813217109045895144350, 1, 1066142366587270994293, -1066142366587270994293]
[1035182569195752597409405, 1, 303209720119431270762, 303209720119431270762]
[1032466560683643273806475, 1, 2412798791989892332168, -2412798791989892332168]
[1035101979896673583984375, 1, 222620421040417845732, 222620421040417845732]
[1034605260894414696592875, 1, 274098581218469545768, -274098581218469545768]
[1032814484989324545292785, 1, 2064874486308620845858, -2064874486308620845858]
[25902853301590012521908862, 25, 30869314699183368442787, 30869314699183368442787]
[1061506376208778665826980, 1, 26627016733145499688337, 26627016733145499688337]
[1032987809960538625493685, 1, 1891549515094540644958, -1891549515094540644958]
[1034855009821408538750000, 1, 24349654224627388643, -24349654224627388643]
[23692571506003597308167364, 23, 109653761935965513021425, -109653761935965513021425]
[1036201316504627139666345, 1, 1321957028993973527702, 1321957028993973527702]
[1007179038809404037957835, 1, 27700320666229128180808, -27700320666229128180808]
[1032924692477995905489264, 1, 1954666997637260649379, -1954666997637260649379]
[7267920211005190978109440, 7, 23764694675758815138939, 23764694675758815138939]
[11234731811873071178987505, 11, 148941142358893648537568, -148941142358893648537568]
[2070916378449105078862775, 2, 1157659497838746585489, 1157659497838746585489]
[1032980376092749698420378, 1, 1898983382883467718265, -1898983382883467718265]
[1034766979058550159579651, 1, 112380417083006558992, -112380417083006558992]
[5727004266385118284306255, 1, 4692124906909485118167612, 4692124906909485118167612]
[2114609830752411162843431, 2, 44851111801144830566145, 44851111801144830566145]
[1045628440601307908681050, 1, 10749081125674742542407, 10749081125674742542407]
[1034938152500000704350318, 1, 58793024367538211675, 58793024367538211675]
[994524554002988054921875, 1, 40354805472645111216768, -40354805472645111216768]
[1035025598508390858162728, 1, 146239032757692024085, 146239032757692024085]
[2032210731347449218735169, 2, 37547987603817113542117, -37547987603817113542117]
[5186612068241396216476962, 5, 12215270863230385783747, 12215270863230385783747]
[1017087375285634807504896, 1, 17791984189998358633747, -17791984189998358633747]
[17603408247936316366178800, 17, 10459136850552541821869, 10459136850552541821869]
[17628791657991105384153088, 17, 35842546905341559796157, 35842546905341559796157]
[1031473386409247669960800, 1, 3405973066385496177843, -3405973066385496177843]
[7263114195572840284007900, 7, 18958679243408121037399, 18958679243408121037399]
[1035050037220564358022315, 1, 170677744931191883672, 170677744931191883672]
[1034847015905107052995375, 1, 32343570526113143268, -32343570526113143268]
[1034790491688253579574736, 1, 88867787379586563907, -88867787379586563907]
[1034831034958477805088768, 1, 48324517155361049875, -48324517155361049875]
[17593239048350826254249856, 17, 289937265062429892925, 289937265062429892925]
[5181035111821124320125438, 5, 6638314442958489432223, 6638314442958489432223]
[31046053200228048818670527, 30, 327584040946165488763, -327584040946165488763]
[13454101102383976905863014, 13, 669429200745746060655, 669429200745746060655]
[1035378166603242560643072, 1, 498807127609394504429, 498807127609394504429]
[1038347893035528884645625, 1, 3468533559895718506982, 3468533559895718506982]
[4139868420573931514263277, 4, 350982671398849708705, 350982671398849708705]
[25870442863061469276002581, 25, 1541123829359877463494, -1541123829359877463494]
[7229463155267480866652160, 7, 14692361061951296318341, -14692361061951296318341]
[1042626214476141644240275, 1, 7746855000508478101632, 7746855000508478101632]
[1033746056477120506609375, 1, 1133302998512659529268, -1133302998512659529268]
[1036273899207920419921875, 1, 1394539732287253783232, 1394539732287253783232]
[24832460131304264892578125, 24, 4644496110931094749307, -4644496110931094749307]
[1046083757634311150390625, 1, 11204398158677984251982, 11204398158677984251982]
[1034985995952155472377075, 1, 106636476522306238432, 106636476522306238432]
[14459930499422183668116705, 14, 28380533236680657824297, -28380533236680657824297]
[1035430758719541287812800, 1, 551399243908121674157, 551399243908121674157]
[1040678558638825200046875, 1, 5799199163192033908232, 5799199163192033908232]
[17595477050490476673046875, 17, 2527939404712848689944, 2527939404712848689944]
[3104674578529244489810041, 3, 36500102344991394112, 36500102344991394112]
[1035584468967132237903750, 1, 705109491499071765107, 705109491499071765107]
[1034879120024763223366695, 1, 239450869942771948, -239450869942771948]
[1034987028697968033639393, 1, 107669222334867500750, 107669222334867500750]
[17144542255676598762315316, 17, 448406855409165062041615, -448406855409165062041615]
[1036066403505958803352374, 1, 1187044030325637213731, 1187044030325637213731]
[1048287884270835503945650, 1, 13408524795202337807007, 13408524795202337807007]
[23801884404613663236973875, 23, 340863325899584214914, -340863325899584214914]
[1035060597627833376290509, 1, 181238152200210151866, 181238152200210151866]
[1036764072716012591373423, 1, 1884713240379425234780, 1884713240379425234780]
[1034962078228228050454125, 1, 82718752594884315482, 82718752594884315482]
[1039234412709882812500000, 1, 4355053234249646361357, 4355053234249646361357]
[16540629375310713334249760081, 15979, 4292090249570972520383584, 4292090249570972520383584]
[2069267158565776673699195, 2, 491560385489658578091, -491560385489658578091]
[25871982458145503258835256, 25, 1528745325894630819, -1528745325894630819]
[2070266923550595197958125, 2, 508204599328865680839, 508204599328865680839]
[2070733523013395330630397, 2, 974804062128998353111, 974804062128998353111]
[1034831798993136530815968, 1, 47560482496635322675, -47560482496635322675]
[2070499500201874258623645, 2, 740781250607926346359, 740781250607926346359]
[9313489139847087328730597, 9, 425095433611166517190, -425095433611166517190]
[11395583372681681798158365, 11, 11910418449716970633292, 11910418449716970633292]
[1034808012153625488281250, 1, 71347322007677857393, -71347322007677857393]
[4140355562321731772665745, 4, 838124419199108111173, 838124419199108111173]
[709917741403235137063848271, 686, 9499197049214907260827, -9499197049214907260827]
[17585721117275942636926830, 17, 7227993809821187430101, -7227993809821187430101]
[10349664072481959461455599, 10, 870477725627800069169, 870477725627800069169]
[102490794315677728139841025, 99, 37737727590044692115368, 37737727590044692115368]
[17527420627872481653907437, 17, 65528483213282170449494, -65528483213282170449494]
[23802223004150863727168245, 23, 2263788699094020544, -2263788699094020544]
[1038779673543709716796875, 1, 3900314068076550658232, 3900314068076550658232]
[1034883583073446669039708, 1, 4223597813502901065, 4223597813502901065]
[30008784627481155795471887, 29, 2716797312206022548760, -2716797312206022548760]
[1032198659370764169284000, 1, 2680700104868996854643, -2680700104868996854643]
[3102235280280733282559104, 3, 2402798146166215856825, -2402798146166215856825]
[1034833674575281768771584, 1, 45684900351397367059, -45684900351397367059]
[1034814034835904093517824, 1, 65324639729072620819, -65324639729072620819]
[1029587845488767117908641, 1, 5291513986866048230002, -5291513986866048230002]
[6210666022974611078684375, 6, 1389866120812081852517, 1389866120812081852517]
[14488036962398171349471125, 14, 274070260692976469877, -274070260692976469877]
[5173905675496325981929716, 5, 491121881839848763499, -491121881839848763499]
[19740415322261021044921875, 19, 77707492223990888287658, 77707492223990888287658]
[7241118898784324678821125, 7, 3036617545107484149376, -3036617545107484149376]
[17582363691309404927212273, 17, 10585419776358897144658, -10585419776358897144658]
[35185991159245113803914025, 34, 92937073586155200163, 92937073586155200163]
[1034620631674749085954988, 1, 258727800884080183655, -258727800884080183655]
[59990708882703419451850219, 58, 32293966883304184191075, -32293966883304184191075]
[570095134667061583568049054, 551, 123392404012290974343239, -123392404012290974343239]
[2069452059302765952021375, 2, 306659648500380255911, -306659648500380255911]
[13500500963100934285236987, 13, 47069289917703125434628, 47069289917703125434628]
[23827083351261009550074630, 23, 24858083321446728885841, 24858083321446728885841]
[14485135689817515323046875, 14, 3175342841349002894127, -3175342841349002894127]
[1034866795467050511846400, 1, 12564008582654292243, -12564008582654292243]
[1035608057087035351562500, 1, 728697611402185423857, 728697611402185423857]
[1035106183339377544006150, 1, 226823863744377867507, 226823863744377867507]
[2071144759842015491615625, 2, 1386040890749159338339, 1386040890749159338339]
[1035023837731232505813657, 1, 144478255599339675014, 144478255599339675014]
[35193944909598703717134919, 34, 8046687427176068421057, 8046687427176068421057]
[3104876653754365515310285, 3, 238575327466016894356, 238575327466016894356]
[1036785032127632377282000, 1, 1905672651999211143357, 1905672651999211143357]
[3106030763996617763496190, 3, 1392685569718265080261, 1392685569718265080261]
[15530116384409578650370048, 15, 6925992275081158290403, 6925992275081158290403]
[1034956010605760960790528, 1, 76651130127794651885, 76651130127794651885]
[21721955647297361347656250, 21, 10510901690935141255253, -10510901690935141255253]
[116927275105919995502923921875, 112999, 13057635467076637576598482, -13057635467076637576598482]
[1035091310433853846387500, 1, 211950958220680248857, 211950958220680248857]
[3448711194875006238128172222, 3335, 2611468976230370944202183, -2611468976230370944202183]
[4139309856871960275429375, 4, 207581030572389125197, -207581030572389125197]
[2069755364129190497892715, 2, 3354822075834384571, -3354822075834384571]
[1032914276654698285945031, 1, 1965082820934880193612, -1965082820934880193612]
[1034915929851318854821790, 1, 36570375685688683147, 36570375685688683147]
[25870924425026130087112398, 25, 1059561864699066353677, -1059561864699066353677]
[23811080011375043636014545, 23, 8854743435480814825756, 8854743435480814825756]
[7240766589752198775225525, 7, 3388926577233387744976, -3388926577233387744976]
[1034844012148758318194688, 1, 35347326874847943955, -35347326874847943955]
[2070063082241743435767557, 2, 304363290477103490271, 304363290477103490271]
[373637061645286564078362500, 361, 45612874582991102312377, 45612874582991102312377]
[45539158109940419243381725, 44, 4466293012559933281433, 4466293012559933281433]
[19663413016465782396421875, 19, 705186428752239787658, 705186428752239787658]
[5174241229262590198350208, 5, 155568115575632343007, -155568115575632343007]
[1035326497271110729850880, 1, 447137795477563712237, 447137795477563712237]
[6210366602758883924787235, 6, 1090445905084927955377, 1090445905084927955377]
[13455480967116648936028560, 13, 2049293933417776226201, 2049293933417776226201]
[2069050445947526690594673, 2, 708273003739641682613, -708273003739641682613]
[1094649503362355644669001855, 1058, 252858962864245105682439, -252858962864245105682439]
[7243719759274253355813141, 7, 435757055178807157360, -435757055178807157360]
[1034917835519794433593750, 1, 38476044161267455107, 38476044161267455107]
[17589319330059492989792490, 17, 3629781026270834564441, -3629781026270834564441]
[17542396914740663105008011, 17, 50552196345100719348920, -50552196345100719348920]
[193563274783572654955312500, 187, 40834561629252887386259, 40834561629252887386259]
[1034935226532460237691421, 1, 55867056827071552778, 55867056827071552778]
[123160876011886554509765625, 119, 10232234286207739267108, 10232234286207739267108]
[25881816779200646628464529, 25, 9832792309817474998454, 9832792309817474998454]
[1035720826742859167535625, 1, 841467267226001396982, 841467267226001396982]
[309421712045279514892578125, 299, 7216437934801782876132, -7216437934801782876132]
[1035085365562085496233575, 1, 206006086452330094932, 206006086452330094932]
[1034335777143568842528768, 1, 543582332064323609875, -543582332064323609875]
[11379775620045124007707680, 11, 3897334186840819817393, -3897334186840819817393]
[16553028013793620699791675, 16, 5041737816509958426613, -5041737816509958426613]
[1035801352685338017333555, 1, 921993209704851194912, 921993209704851194912]
[78658024246750802970800593, 76, 7192926602682344263725, 7192926602682344263725]
[13453377704835170360461434, 13, 53968348060799340925, -53968348060799340925]
[1035131864587140180960099, 1, 252505111507014821456, 252505111507014821456]
[45738010994360252757398844635, 44217, 21249643573818949753532896, -21249643573818949753532896]
[125209623484725476074218750, 121, 10779011826137028557053, -10779011826137028557053]
[174963663769400068546918165, 169, 69052018018063469487498, 69052018018063469487498]
[647991811441674180000861575, 627, 877546949547815168067586, -877546949547815168067586]
[6212462707987028709443227, 6, 3186551133229712611369, 3186551133229712611369]
[1034905707727114353307219, 1, 26348251481187168576, 26348251481187168576]
[1034594372022875157792298, 1, 284987452758008346345, -284987452758008346345]
[2069597568241788616936125, 2, 161150709477715341161, -161150709477715341161]
[3101924854024978515625000, 3, 2713224401920982790929, -2713224401920982790929]
[1034783379536022949218750, 1, 95979939610216919893, -95979939610216919893]
[1035369443190542733978705, 1, 490083714909567840062, 490083714909567840062]
[1035038381198497422500000, 1, 159021722864256361357, 159021722864256361357]
[547617695907964049346424446, 529, 166514745354104459082299, 166514745354104459082299]
[1034385860948742593671875, 1, 493498526890572466768, -493498526890572466768]
[1034826019416225324731300, 1, 53340059407841407343, -53340059407841407343]
[1034916812145493692187500, 1, 37452669860526048857, 37452669860526048857]
[1034663766138920024333226, 1, 215593336713141805417, -215593336713141805417]
[316667874229871695992457717, 306, 5209769672052845967041, -5209769672052845967041]
[1035044660540621457942215, 1, 165301064988291803572, 165301064988291803572]
[3104975421672186850348288, 3, 337343245287351932359, 337343245287351932359]
[1036708176952739225000000, 1, 1828817477106058861357, 1828817477106058861357]
[39319728075442805714458875, 38, 5687584631254598809559, -5687584631254598809559]
[1034782524091678772429019, 1, 96835383954393709624, -96835383954393709624]
[3103327930618115200000000, 3, 1310147808784298415929, -1310147808784298415929]
[3105520003712389120000000, 3, 881925285489621584071, 881925285489621584071]
[1035228029094731703801856, 1, 348669619098537663213, 348669619098537663213]
[3121996656081430450665199, 3, 17358577654530952249270, 17358577654530952249270]
[2069768865537446721735395, 2, 10146586180389458109, 10146586180389458109]
[25856144103525026584257503, 25, 15839883365802569208572, -15839883365802569208572]
[1034738354847218877215360, 1, 141004628414288923283, -141004628414288923283]
[1036410675539741117890560, 1, 1531316064107951751917, 1531316064107951751917]
[1032818508734913392412375, 1, 2060850740719773726268, -2060850740719773726268]
[1035528202972887558593750, 1, 648843497254392455107, 648843497254392455107]
[159402705220548112954619495, 154, 31283861300605369268473, 31283861300605369268473]
[166483913605740251014070884237, 161051, 184442117169946025723709556, -184442117169946025723709556]
[14484543574128931274302845, 14, 3767458529933051638157, -3767458529933051638157]
[56927707599176832485620917, 55, 9342828017008347995552, 9342828017008347995552]
[1036062355268059110362475, 1, 1182995792425944223832, 1182995792425944223832]
[2069347468461985072265625, 2, 411250489281260011661, -411250489281260011661]
[2069897826211198782589175, 2, 139107259932450311889, 139107259932450311889]
[67268694581227646836455357, 65, 1536215311491037443562, 1536215311491037443562]
[5174177286687367883937089, 5, 219510690797946756126, -219510690797946756126]
[60023967641637643173041875, 58, 964792050919537000581, 964792050919537000581]
[39316110528537371826171875, 38, 9305131536688487096559, -9305131536688487096559]
[241036718129076599397419941891, 232925, 12556676785255825423478884, -12556676785255825423478884]
[13463886003722493889167360, 13, 10454330539262729365001, 10454330539262729365001]
[1034599978370241646710600, 1, 279381105391519428043, -279381105391519428043]
[50709742276620121286534800, 49, 653662314096145741293, 653662314096145741293]
[1034930100041218951171875, 1, 50740565585785033232, 50740565585785033232]
[2069883866732815748671875, 2, 125147781549416394589, 125147781549416394589]
[870328302183553131915771775, 841, 5239135454360806826988, -5239135454360806826988]
[17595540509472227399714375, 17, 2591398386463575357444, 2591398386463575357444]
[13455174797295281982421875, 13, 1743124112050822619516, 1743124112050822619516]
[1035010627341590782274560, 1, 131267865957616135917, 131267865957616135917]
[1034286513093945584979968, 1, 592846381687581158675, -592846381687581158675]
[19655746994345163752960000, 19, 6960835691866403674217, -6960835691866403674217]
[1035027094041740800000000, 1, 147734566107633861357, 147734566107633861357]
[76562191453739389807910865, 74, 18881147457464486348717, -18881147457464486348717]
[1034910873212867100307935, 1, 31513737233934169292, 31513737233934169292]
[1038625039578214863869952, 1, 3745680102581697731309, 3745680102581697731309]
[3107060356752503644539904, 3, 2422278325604146123975, 2422278325604146123975]
[7244419156994897066886840, 7, 263640665464903916339, 263640665464903916339]
[1036252658996011570399000, 1, 1373299520378404260357, 1373299520378404260357]
[1034995858267214947056030, 1, 116498791581780917387, 116498791581780917387]
[6205111780643738478312797, 6, 4164376210060518519061, -4164376210060518519061]
[1035408816883147692363300, 1, 529457407514526224657, 529457407514526224657]
[13469202028777800115610415, 13, 15770355594568955808056, 15770355594568955808056]
[1034531151727191072660420, 1, 348207748442093478223, -348207748442093478223]
[1034895535400488049370225, 1, 16175924854883231582, 16175924854883231582]
[1033282278454106385948672, 1, 1597081021526780189971, -1597081021526780189971]
[1034433441043453140465204, 1, 445918432180025673439, -445918432180025673439]
[1034872858407169635380800, 1, 6501068463530757843, -6501068463530757843]
[7234637741366259618524416, 7, 9517774963172544446085, -9517774963172544446085]
[35184618997889183853834375, 34, 1279224282343794879487, -1279224282343794879487]
[1034989372229397177734375, 1, 110012753764011595732, 110012753764011595732]
[23806501739407985573225250, 23, 4276471468422752036461, 4276471468422752036461]
[25872464749361352122591734, 25, 480762470522969125659, 480762470522969125659]
[7243350143490022904320000, 7, 805372839409258650501, -805372839409258650501]
[2070428779198377868359375, 2, 670060247111536082089, 670060247111536082089]
[1035485681976354145218750, 1, 606322500720979080107, 606322500720979080107]
[34146893439629729279184820, 33, 4125423066165203390399, -4125423066165203390399]
[30011181290081394334249500, 29, 320134711967483771147, -320134711967483771147]
[1036222746414184570312500, 1, 1343386938551404173857, 1343386938551404173857]
[1034859625835189930193600, 1, 19733640443235945043, -19733640443235945043]
[9320934951831991356668800, 9, 7020716551292861421013, 7020716551292861421013]
[1034851939883732866995099, 1, 27419591900299143544, -27419591900299143544]
[1035022237714458045114777, 1, 142878238824878976134, 142878238824878976134]
[39314759934803090916295475, 38, 10655725270969396972959, -10655725270969396972959]
[1034963488267258374264375, 1, 84128791625208125732, 84128791625208125732]
[1035101763765399268042650, 1, 222404289766101904007, 222404289766101904007]
[12410653126239776611328125, 12, 7899187467821382335591, -7899187467821382335591]
[1034683900827282647459375, 1, 195458648350518679268, -195458648350518679268]
[11380495845021550997214335, 11, 3177109210413830310738, -3177109210413830310738]
[238955061810578711653824718, 231, 102070228292549724201815, -102070228292549724201815]
[1034939353025444787978057, 1, 59993549811621839414, 59993549811621839414]
[1035024023773480014185625, 1, 144664297846848046982, 144664297846848046982]
[1035040136070126675498009, 1, 160776594493509359366, 160776594493509359366]
[695368345291391884556640625, 672, 70584276233603088527471, -70584276233603088527471]
[1036598006544258474557449, 1, 1718647068625308418806, 1718647068625308418806]
[5171682035427203931791936, 5, 2714761950961898901279, -2714761950961898901279]
[1036377309612178753616397, 1, 1497950136545587477754, 1497950136545587477754]
[6209324782738330322265625, 6, 48625884531325433767, 48625884531325433767]
[22767369604713287353515625, 22, 23696249357698465479, 23696249357698465479]
[1035308575363282701465600, 1, 429215887649535326957, 429215887649535326957]
[20695861403512460765837523, 20, 1725786000202556935337, -1725786000202556935337]
[1034910389562839092736433, 1, 31030087205926597790, 31030087205926597790]
[17619912711891188188865375, 17, 26963600805424364508444, 26963600805424364508444]
[1723218407888844646245910873, 1665, 144274361915424625070278, 144274361915424625070278]
[26907280280436342935977389, 26, 416934069880616372671, 416934069880616372671]
[102433626916655997099130448, 99, 19429671431686348595209, -19429671431686348595209]
[201814939390091617911335168, 195, 13464292343150514299783, 13464292343150514299783]
[1033799663763606933593750, 1, 1079695712026232544893, -1079695712026232544893]
[1034950729084750585303560, 1, 71369609117419164917, 71369609117419164917]
[1036835430573572708203125, 1, 1956071097939542064482, 1956071097939542064482]
[34139189032989789878199590, 33, 11829829706104604375629, -11829829706104604375629]
[456043966135635357053475595551, 440657, 17132227181272962319587100, 17132227181272962319587100]
[11387035672094141142890625, 11, 3362717862176315365552, 3362717862176315365552]
[5171028401921447223687646, 5, 3368395456718607005569, -3368395456718607005569]
[1032808127030100384046875, 1, 2071232445532782091768, -2071232445532782091768]
[1035079870042986802744248, 1, 200510567353636605605, 200510567353636605605]
[3105088193015879609679140, 3, 450114588980111263211, 450114588980111263211]
[1036336304365046774657568, 1, 1456944889413608518925, 1456944889413608518925]
[1034884760367215523801168, 1, 5400891582357662525, 5400891582357662525]
[1035601195315623759387864, 1, 721835839990593249221, 721835839990593249221]
[1035076184708530776388488, 1, 196825232897610249845, 196825232897610249845]
[23789166783178794659814789, 23, 13058484760768161374000, -13058484760768161374000]
[17595047405731074731020800, 17, 2098294645310906663869, 2098294645310906663869]
[1034680081027374322842125, 1, 199278448258843296518, -199278448258843296518]
[1038042880855560302734375, 1, 3163521379927136595732, 3163521379927136595732]
[105584943110178435543350711, 102, 27248443663852597209125, 27248443663852597209125]
[1034882650064480239250613, 1, 3290588847073111970, 3290588847073111970]
[137645666128393001788867515, 133, 6711318133790692427996, 6711318133790692427996]
[299105533823526608028218368, 289, 25398935068623014150541, 25398935068623014150541]
[7244685142657809407085096, 7, 529626328377244114595, 529626328377244114595]
[1034213407456752668379168, 1, 665952018880497759475, -665952018880497759475]
[45565147637790346307846375, 44, 30455820862486997746083, 30455820862486997746083]
[4139455296170868310546875, 4, 62141731664354007697, -62141731664354007697]
[79802615696116601660461245, 77, 116905016492847867785734, 116905016492847867785734]
[1034850369087582846932133, 1, 28990388050319206510, -28990388050319206510]
[58961819494377868384859543, 57, 26303995733222085043108, -26303995733222085043108]
[6211056186832374967114025, 6, 1780029978575970282167, 1780029978575970282167]
[1034790825925531954590080, 1, 88533550101211548563, -88533550101211548563]
[7246347821776955397242880, 7, 2192305447523234272379, 2192305447523234272379]
[1034829435658546096401525, 1, 49923817087069737118, -49923817087069737118]
[124267557138378915148017221, 120, 82034001302935211380061, 82034001302935211380061]
[30016723641162440380859375, 29, 5222216369078562838728, 5222216369078562838728]
[1034461362463098187921875, 1, 417997012534978216768, -417997012534978216768]
[1035395391824513240443923, 1, 516032348880074305280, 516032348880074305280]
[3104679968334394752977675, 3, 41889907495254561746, 41889907495254561746]
[2098373432086530192703813099, 2028, 361908930053868225354905, -361908930053868225354905]
[8273125790562452381520959, 8, 5909085242612947588185, -5909085242612947588185]
[26892105863250703118980475, 26, 14757483115759200624243, -14757483115759200624243]
[2070493593498827324953125, 2, 734874547560992675839, 734874547560992675839]
[1036396271805064159893750, 1, 1516912329430993755107, 1516912329430993755107]
[1031201274132739850765625, 1, 3678085342893315373018, -3678085342893315373018]
[1034539113776361530982400, 1, 340245699271635156243, -340245699271635156243]
[1034586250005192823002330, 1, 293109470440343136313, -293109470440343136313]
[1034657136682168248046875, 1, 222222793464918091768, -222222793464918091768]
[1034873096705204898291150, 1, 6262770428267847493, -6262770428267847493]
[7257244640049613198319616, 7, 13089123720181035349115, 13089123720181035349115]
[28936501496296954345703125, 28, 40120569020774306178879, -40120569020774306178879]
[1032472145388033551150235, 1, 2407214087599614988408, -2407214087599614988408]
[1034892352821252131650080, 1, 12993345618965511437, 12993345618965511437]
[11384151253594299316406250, 11, 478299362334488881177, 478299362334488881177]
[1035052425267275819028625, 1, 173065791642652889982, 173065791642652889982]
[1036177375205456675313408, 1, 1298015729823509174765, 1298015729823509174765]
[1035492950147925705764328, 1, 613590672292539625685, 613590672292539625685]
[9313554428831195228675143, 9, 359806449503266572644, -359806449503266572644]
[14473640528506141549428125, 14, 14670504152722776512877, -14670504152722776512877]
[34166623813105197900390625, 33, 15604950409303417815406, 15604950409303417815406]
[1035367235727760059402915, 1, 487876252126893264272, 487876252126893264272]
[1035263933560946600165200, 1, 384574085313434026557, 384574085313434026557]
[1034832907891060575455808, 1, 46451584572590682835, -46451584572590682835]
[1034677402486825765296915, 1, 201956988807400841728, -201956988807400841728]
[2069760928083406687738323, 2, 2209132140355461037, 2209132140355461037]
[1034801079222992245937500, 1, 78280252640920201143, -78280252640920201143]
[23808237882137298583984375, 23, 6012614197735762795586, 6012614197735762795586]
[1036186508941691574431250, 1, 1307149466058408292607, 1307149466058408292607]
[1034539670482691611677075, 1, 339688992941554461568, -339688992941554461568]
[1035715523815652459393600, 1, 836164340019293254957, 836164340019293254957]
[19667208957679237872805888, 19, 4501127642207716171671, 4501127642207716171671]
[2070269879094095247632635, 2, 511160142828915355349, 511160142828915355349]
[3104524884103394752000000, 3, 113194323504746415929, -113194323504746415929]
[3104620083315177674736104, 3, 17995111721823679825, -17995111721823679825]
[1033501140789173876953125, 1, 1378218686459289185518, -1378218686459289185518]
[3096437654650712189138750, 3, 8200423776187309277179, -8200423776187309277179]
[1035215173688744539715840, 1, 335814213111373577197, 335814213111373577197]
[1035099295077675520000000, 1, 219935602042353861357, 219935602042353861357]
[1035148190454771445841096, 1, 268830979138279702453, 268830979138279702453]
[2076415760497964328279837, 2, 6657041546697996002551, 6657041546697996002551]
[1033431497594553747802112, 1, 1447861881079418336531, -1447861881079418336531]
[1034125853546643319566720, 1, 753505928989846571923, -753505928989846571923]
[3104577359095341399212800, 3, 60719331558099203129, -60719331558099203129]
[30011130942667393243359375, 29, 370482125968574661272, -370482125968574661272]
[1034647925154921396633600, 1, 231434320711769505043, -231434320711769505043]
[1035168161475340719351525, 1, 288801999707553212882, 288801999707553212882]
[1035664190494273392521755, 1, 784831018640226383112, 784831018640226383112]
[148116855773410432495835500, 143, 129107368394889738009551, 129107368394889738009551]
[23802178952377455294015197, 23, 46315562107527173592, -46315562107527173592]
[2273534618872872756007900755, 2197, 95333895093309998697916, -95333895093309998697916]
[27937169916170110005319910, 27, 4572789671985480423451, -4572789671985480423451]
[1036643434364917350400000, 1, 1764074889284184261357, 1764074889284184261357]
[1035602273321695556640625, 1, 722913846062390501982, 722913846062390501982]
[3100424920620991040000000, 3, 4213157805908458415929, -4213157805908458415929]
[3107895966094562473600000, 3, 3257887667662975184071, 3257887667662975184071]
[9337963690795419284340736, 9, 24049455514720789092949, 24049455514720789092949]
[19662847952962961086488720, 19, 140122925930929854503, 140122925930929854503]
[1034552081859455681025504, 1, 327277616177485113139, -327277616177485113139]
[1034879351088679328074752, 1, 8386953838063891, -8386953838063891]
[1035762079253284247600736, 1, 882719777651081462093, 882719777651081462093]
[1034714233324789167150000, 1, 165126150843998988643, -165126150843998988643]
[8278717136690937747839105, 8, 317739114127581270039, -317739114127581270039]
[2071509079712011534765625, 2, 1750360760745202488339, 1750360760745202488339]
[2069565601169494873046875, 2, 193117781771459230411, -193117781771459230411]
[11382324167160911919386250, 11, 1348787071052908138823, -1348787071052908138823]
[1628076598466741164234399284, 1573, 211366011570193898313845, 211366011570193898313845]
[309180954912271405623499686, 299, 247973570942911051954571, -247973570942911051954571]
[1035047946194885597463125, 1, 168586719252431324482, 168586719252431324482]
[6209630513992831638671875, 6, 354357139032641840017, 354357139032641840017]
[1035810623836375265940138, 1, 931264360742099801495, 931264360742099801495]
[13453400631608238383962605, 13, 31041574992775839754, -31041574992775839754]
[5181069294068288795717543, 5, 6672496690122965024328, 6672496690122965024328]
[1036312192810503194879475, 1, 1432833334870028740832, 1432833334870028740832]
[1034570497962838770210816, 1, 308861512794395927827, -308861512794395927827]
[261870875436086679919012080, 253, 46397488751488885935401, 46397488751488885935401]
[475030866584557520816976397, 459, 21240585241897559339260, 21240585241897559339260]
[23804850224984975189763291, 23, 2624957045412368574502, 2624957045412368574502]
[19665318394616659687442520, 19, 2610564579629530808303, 2610564579629530808303]
[1034821984508050633781250, 1, 57374967582532357393, -57374967582532357393]
[11382323337715301808137600, 11, 1349616516663019387473, -1349616516663019387473]
[30019486799470846593162240, 29, 7985374677484775141593, 7985374677484775141593]
[7241369215788170683593750, 7, 2786300541261479376751, -2786300541261479376751]
[228706557259257071897516505, 221, 1781184857857819123598, -1781184857857819123598]
[1037096957875774169088000, 1, 2217598400141002949357, 2217598400141002949357]
[1035657563015123776584675, 1, 778203539490610446032, 778203539490610446032]
[2065041163489565159661609, 2, 4717555461701172615677, -4717555461701172615677]
[7102053492178928375244140625, 6859, 3815965535560488699188288, 3815965535560488699188288]
[2674195347144965035960021311, 2584, 67082259928934657767799, 67082259928934657767799]
[1035690853102771045004955, 1, 811493627137878866312, 811493627137878866312]
[10750358742862609173060230607, 10388, 31956629731843212007123, 31956629731843212007123]
[17585021511391651839843750, 17, 7927599694111984513181, -7927599694111984513181]
[1035566909740954267156480, 1, 687550265321101017837, 687550265321101017837]
[1034149012376669780557824, 1, 730347098963385580819, -730347098963385580819]
[1034955447636761397573750, 1, 76088161128231435107, 76088161128231435107]
[1034642103755371595859375, 1, 237255720261570279268, -237255720261570279268]
[11384599712013536328140625, 11, 926757781571500615552, 926757781571500615552]
[14495084852559991946252883, 14, 6773819901127620311881, 6773819901127620311881]
[1034388722139658009952256, 1, 490637335975156186387, -490637335975156186387]
[1034868512309729688944640, 1, 10847165903477194003, -10847165903477194003]
[13456475704479673899248292, 13, 3044031296442739445933, 3044031296442739445933]
[23801940173580734079381285, 23, 285094358828741807504, -285094358828741807504]
[3104491323801757099858340, 3, 146754625142398557589, -146754625142398557589]
[5174178499718188522684416, 5, 218297659977308008799, -218297659977308008799]
[98308377441069793886896128, 95, 5161709115356896274957, -5161709115356896274957]
[1034295364351682062500000, 1, 583995123951103638643, -583995123951103638643]
[1035516385957766118656250, 1, 637026482132952517607, 637026482132952517607]
[1035383935228744833177600, 1, 504575753111667038957, 504575753111667038957]
[79685269690391040000000000, 77, 440989232713792675511, -440989232713792675511]
[1034885983160666729950143, 1, 6623685033563811500, 6623685033563811500]
[1035112772530889466658816, 1, 233413055256300520173, 233413055256300520173]
[1035474664199912477734375, 1, 595304724279311595732, 595304724279311595732]
[6209452986300458759921875, 6, 176829446659763090017, 176829446659763090017]
[1036318387778049311936000, 1, 1439028302416145797357, 1439028302416145797357]
[2070728587373866932812625, 2, 969868422600600535339, 969868422600600535339]
[17627905844672909037959025, 17, 34956733587145213602094, 34956733587145213602094]
[1034221769881215028974630, 1, 657589594418137164013, -657589594418137164013]
[7236629548651038341994760, 7, 7525967678393820975741, -7525967678393820975741]
[19656522051542946123940386, 19, 6185778494084032693831, -6185778494084032693831]
[1035055843479718961381376, 1, 176484004085795242733, 176484004085795242733]
[17593308956428759553536845, 17, 359845342995729179914, 359845342995729179914]
[1034700366544223845123350, 1, 178992931409321015293, -178992931409321015293]
[1034878943717324690030592, 1, 415758308476108051, -415758308476108051]
[19663775124091080829646625, 19, 1067294054050673012408, 1067294054050673012408]
[373715227892057538059348776, 361, 123779121353965083298653, 123779121353965083298653]
[2070105318441983668803125, 2, 346599490717336525839, 346599490717336525839]
[50709927978481626947477853, 49, 839364175601806684346, 839364175601806684346]
[7239372143200263729973908, 7, 4783373129168432996593, -4783373129168432996593]
[557921658809621650320333882, 539, 121684052255373771605305, 121684052255373771605305]
[5174486368149028618886796, 5, 89570770862788193581, 89570770862788193581]
[161441282559652545221314081, 156, 102481453771303685773, 102481453771303685773]
[7244094264946932996043750, 7, 61251382499166926751, -61251382499166926751]
[125203937640407935448220809, 121, 16464856143677654554994, -16464856143677654554994]
[1034869741877731944038400, 1, 9617597901222100243, -9617597901222100243]
[1034708098887185006592000, 1, 171260588448159546643, -171260588448159546643]
[5174215508436085004070177, 5, 181288942080826623038, -181288942080826623038]
[1034901738333878549062500, 1, 22378858245382923857, 22378858245382923857]
[7245120309402382743228750, 7, 964793072950580258249, 964793072950580258249]
[834405422212934310397580075, 806, 292658475573978489833817, 292658475573978489833817]
[125318404883498278055898112, 121, 98002386946664953122309, 98002386946664953122309]
[1034227068859040008988672, 1, 652290616593157149971, -652290616593157149971]
[5169237131830377644566528, 5, 5159665547788186126687, -5159665547788186126687]
[13453698303832430706585600, 13, 266630649199546783241, 266630649199546783241]
[1034863782364235021486750, 1, 15577111398144651893, -15577111398144651893]
[11382388434262542858190848, 11, 1284519969421969334225, -1284519969421969334225]
[5174039862030208726720592, 5, 356935347957103972623, -356935347957103972623]
[1035070013405714378054144, 1, 190653930081211915501, 190653930081211915501]
[5174320347679249169190216, 5, 76449698916661502999, -76449698916661502999]
[5173790189324099677667424, 5, 606608054066153025791, -606608054066153025791]
[1035248832336450793359375, 1, 369472860817627220732, 369472860817627220732]
[2738319585846507171630859375, 2646, 28800673981814028009997, 28800673981814028009997]
[1034765455464238117764573, 1, 113904011395048374070, -113904011395048374070]
[1035945245334223979629875, 1, 1065885858590813491232, 1065885858590813491232]
[7228780427665041522468750, 7, 15375088664390640501751, -15375088664390640501751]
[373491041703603543111184650, 361, 100407067100029864865473, -100407067100029864865473]
[8275324859042719224003543, 8, 3710016762346105105601, -3710016762346105105601]
[4136265526206001846469409, 4, 3251911696530818085163, -3251911696530818085163]
[1033822265673304868376330, 1, 1057093802328297762313, -1057093802328297762313]
[1035855775781216180284780, 1, 976416305583014146137, 976416305583014146137]
[1034277883884269322833920, 1, 601475591363843304723, -601475591363843304723]
[3108618585632556038361088, 3, 3980507205656539945159, 3980507205656539945159]
[1034963332882904449024000, 1, 83973407271282885357, 83973407271282885357]
[1032828977998913298251776, 1, 2050381476719867886867, -2050381476719867886867]
[2069676881591479928068301, 2, 81837359786404208985, -81837359786404208985]
[13450873092966376702152210, 13, 2558580216854457650149, -2558580216854457650149]
[13453415662574534917837644, 13, 16010608696241964715, -16010608696241964715]
[13452380600895062255859375, 13, 1051072288168903942984, -1051072288168903942984]
[1035255798891269177722500, 1, 376439415636011583857, 376439415636011583857]
[1040373170569664512000000, 1, 5493811094031345861357, 5493811094031345861357]
[1035021383999515738684768, 1, 142024523882572546125, 142024523882572546125]
[5176612059532368384872448, 5, 2215262154202554179233, 2215262154202554179233]
[4139100621177309696683511, 4, 416816725222967871061, -416816725222967871061]
[251266521042697076184833201, 242, 825716049593849979281595, 825716049593849979281595]
[1034876141291715023125825, 1, 3218183918143012818, -3218183918143012818]
[1034196635841195545072640, 1, 682723634437621066003, -682723634437621066003]
[23801775182904266936841024, 23, 450085035295884347765, -450085035295884347765]
[1034895041419419717863040, 1, 15681943786551724397, 15681943786551724397]
[5174360706696641521155072, 5, 36090681524309538143, -36090681524309538143]
[1035622824766702920625878, 1, 743465291069754487235, 743465291069754487235]
[3104662997624282960937500, 3, 24919197383462521571, 24919197383462521571]
[25935263659903699398795169, 25, 63279673012870245329094, 63279673012870245329094]
[2069587770846289239853125, 2, 170948104977092424161, -170948104977092424161]
[1036713538000140000000000, 1, 1834178524506833861357, 1834178524506833861357]
[4143483502366150520703125, 4, 3966064463617856148553, 3966064463617856148553]
[1035262962430154706124800, 1, 383602954521539986157, 383602954521539986157]
[16555818411419088426177735, 16, 2251340191042232040553, -2251340191042232040553]
[2069065620481727454296875, 2, 693098469538877980411, -693098469538877980411]
[1034096154247479477202048, 1, 783205228153688936595, -783205228153688936595]
[1034715232519082852331825, 1, 164126956550313806818, -164126956550313806818]
[25927022568119274479240559, 25, 55038581228445325774484, 55038581228445325774484]
[17564556499076426396142915, 17, 28392612009337428214016, -28392612009337428214016]
[1034626388819629627367346, 1, 252970656003538771297, -252970656003538771297]
[1035062319020549456551005, 1, 182959544916290412362, 182959544916290412362]
[1034981009499445324922025, 1, 101650023812158783382, 101650023812158783382]
[2072822628573934973182161, 2, 3063909622668640904875, 3063909622668640904875]
[19661513974133045010431292, 19, 1193855903985146202925, -1193855903985146202925]
[1034855982072202035200000, 1, 23377403431130938643, -23377403431130938643]
[11380927788845705643088000, 11, 2745165386259184437073, -2745165386259184437073]
[7244522295650602498805373, 7, 366779321170335834872, 366779321170335834872]
[19616279555864099655886185, 19, 46428274172930500748032, -46428274172930500748032]
[1032501824116544482421875, 1, 2377535359088683716768, -2377535359088683716768]
[7244230510711669921875000, 7, 74994382237758904499, 74994382237758904499]
[1034422070678853816960000, 1, 457288796779349178643, -457288796779349178643]
[1031628659709645170933760, 1, 3250699765987995204883, -3250699765987995204883]
[1035239794903029760000000, 1, 360435427396593861357, 360435427396593861357]
[1035171666331480405728000, 1, 292306855847239589357, 292306855847239589357]
[1034815782937368871296000, 1, 63576538264294842643, -63576538264294842643]
[1034205803900581386387456, 1, 673555575051779751187, -673555575051779751187]
[2069543635716396612215625, 2, 215083234869720061661, -215083234869720061661]
[1035190613026331434102710, 1, 311253550698267964067, 311253550698267964067]
[1035698613635839992126750, 1, 819254160206825988107, 819254160206825988107]
[1034229062756329849657325, 1, 650296719303316481318, -650296719303316481318]
[13461566273630354003906250, 13, 8134600447122844103891, 8134600447122844103891]
[17593368057454479082031250, 17, 418946368715257674319, 418946368715257674319]
[129832966907426307415357467, 125, 473046972972161648027092, 473046972972161648027092]
[1033658753116594919564250, 1, 1220606359038246574393, -1220606359038246574393]
[1033624689765681351452400, 1, 1254669709951814686243, -1254669709951814686243]
[1035917415136385335625148, 1, 1038055660752169486505, 1038055660752169486505]
[1034423279412226249218750, 1, 456080063406916919893, -456080063406916919893]
[11383981366428900878906250, 11, 308412196936051381177, 308412196936051381177]
[7245542318312138671875000, 7, 1386801982706508904499, 1386801982706508904499]
[183265680081773375270785601, 177, 92033454586304864245790, 92033454586304864245790]
[11384733326232616717828041, 11, 1060372000651890302968, 1060372000651890302968]
[1036190639379562452309888, 1, 1311279903929286171245, 1311279903929286171245]
[1035939785813831144902656, 1, 1060426338197978764013, 1060426338197978764013]
[1035271831253986142578125, 1, 392471778352976439482, 392471778352976439482]
[13453548875662945755224275, 13, 117202479714595421916, 117202479714595421916]
[227662299521698807923041521, 220, 11159562940488627459939, -11159562940488627459939]
[2063959537719568587181785, 2, 5799181231697745095501, -5799181231697745095501]
[1034750428056940269039274, 1, 128931418692897099369, -128931418692897099369]
[1035585540591817832031250, 1, 706181116184665892607, 706181116184665892607]
[1033679159142086560481280, 1, 1200200333546605657363, -1200200333546605657363]
[129337940464708291250716782, 125, 21979469745854516613593, -21979469745854516613593]
[17584562199082102789893120, 17, 8386912003661034463811, -8386912003661034463811]
[1036061905478651698029250, 1, 1182546003018531890607, 1182546003018531890607]
[17616487545294954398344080, 17, 23538434209190573987149, 23538434209190573987149]
[13455009838926673106047266, 13, 1578165743441946244907, 1578165743441946244907]
[13451879832885653336515239, 13, 1551840297577823287120, -1551840297577823287120]
[79934598457315711521013095, 77, 248887777691957728337584, 248887777691957728337584]
[7245235364221428280441020, 7, 1079847891996117470519, 1079847891996117470519]
[1034910363812392775966720, 1, 31004336759609828077, 31004336759609828077]
[255576684223301343966679385, 247, 38517567180048069565436, -38517567180048069565436]
[11383473976843381053322500, 11, 198977388583774202573, -198977388583774202573]
[193585629692305321105037130, 187, 63189470361919037110889, 63189470361919037110889]
[1034602941790352922978375, 1, 276417685280243160268, -276417685280243160268]
[3102200597608448336000000, 3, 2437480818451162415929, -2437480818451162415929]
[1035452582561168434790400, 1, 573223085535268651757, 573223085535268651757]
[1034811918293638132375000, 1, 67441181995033763643, -67441181995033763643]
[1034720319288601083007870, 1, 159040187032083130773, -159040187032083130773]
[13443593524957386329024640, 13, 9838148225844830777719, -9838148225844830777719]
[23824191953440268554687500, 23, 21966685500705733498711, 21966685500705733498711]
[1036618155118621606781250, 1, 1738795642988440642607, 1738795642988440642607]
[101407423841795211892025625, 98, 10753386816838389561389, -10753386816838389561389]
[1032512225040375819031222, 1, 2367134435257347107421, -2367134435257347107421]
[30006272416938467801413262, 29, 5229007854894016607385, -5229007854894016607385]
[17593673300625038626953125, 17, 724189539274802596194, 724189539274802596194]
[2069710872155302374203205, 2, 47846795963958074081, -47846795963958074081]
[1033833941272644769546497, 1, 1045418202988396592146, -1045418202988396592146]
[1034736369401861938375200, 1, 142990073771227763443, -142990073771227763443]
[19662578372885298213570480, 19, 129457151731943063737, -129457151731943063737]
[1034926340422772306387088, 1, 46980947139140248445, 46980947139140248445]
[19616258372432297411887625, 19, 46449457604732744746592, -46449457604732744746592]
[2128441640647800900757860486, 2057, 305201793576521989328165, -305201793576521989328165]
[70369392677920200439453125, 68, 2403766422854857974599, -2403766422854857974599]
[7240294052627126064837120, 7, 3861463702306098133381, -3861463702306098133381]
[1034934958453927210340760, 1, 55598978294044202117, 55598978294044202117]
[5175888381589702465603728, 5, 1491584211536634910513, 1491584211536634910513]
[1035152022605996642418720, 1, 272663130363476280077, 272663130363476280077]
[1032187711414742466565625, 1, 2691648060890699573018, -2691648060890699573018]
[7238152340136903098576520, 7, 6003176192529064393981, -6003176192529064393981]
[32079685457928729034974375, 31, 1574685815899115323558, -1574685815899115323558]
[1033476835054878720000000, 1, 1402524420754446138643, -1402524420754446138643]
[1034909794438770650400000, 1, 30434963137484261357, 30434963137484261357]
[14500011354471596042242725, 14, 11700321812731716301723, 11700321812731716301723]
[1034831837262035312500000, 1, 47522213597853638643, -47522213597853638643]
[71413734809428164608000000, 69, 7059005609476144433633, 7059005609476144433633]
[3106265057513439863350400, 3, 1626979086540364934471, 1626979086540364934471]
[1034539676374746283625520, 1, 339683100886882513123, -339683100886882513123]
[158351349756527191534824827, 153, 14807756755317115612448, 14807756755317115612448]
[1034855092922998008465375, 1, 24266552635157673268, -24266552635157673268]
[13482323911777071995319375, 13, 28892238593840835517016, 28892238593840835517016]
[2880037148173139048115721050, 2783, 32109247548053248122419, -32109247548053248122419]
[19655403041817110449218750, 19, 7304788219919707415467, -7304788219919707415467]
[1034018609290632423046875, 1, 860750185000743091768, -860750185000743091768]
[17591010179712733670156250, 17, 1938931373030154200681, -1938931373030154200681]
[4135229637013779598063539, 4, 4287800888753066491033, -4287800888753066491033]
[13454493385910284632849309, 13, 1061712727053473046950, 1061712727053473046950]
[23824714758822894287109375, 23, 22489490883331465920586, 22489490883331465920586]
[52773390390668737601061250, 51, 5456942588553872009543, -5456942588553872009543]
[1034878466982407071171875, 1, 892493226094966768, -892493226094966768]
[1039287621932125581312000, 1, 4408262456492415173357, 4408262456492415173357]
[2069631745971072943359375, 2, 126972980193388917911, -126972980193388917911]
[32070536863326191679723183, 31, 10723280418436470574750, -10723280418436470574750]
[14488735776117654541015625, 14, 424743458790215074623, 424743458790215074623]
[9322549379153989409937077, 9, 8635143873290914689290, 8635143873290914689290]
[90061780818806679378391511, 87, 27276544426593924329570, 27276544426593924329570]
[1034841718559666906071040, 1, 37640915966260067603, -37640915966260067603]
[1035956359475683504867008, 1, 1077000000050338728365, 1077000000050338728365]
[1035398561635818380722176, 1, 519202160185214583533, 519202160185214583533]
[5173488369292755623215104, 5, 908428085410207478111, -908428085410207478111]
[1035959433051308055225000, 1, 1080073575674889086357, 1080073575674889086357]
[7229895333306712517867130, 7, 14260183022719645103371, -14260183022719645103371]
[373603674936230104652055315, 361, 12226165526531676005192, 12226165526531676005192]
[1033704453703638907265625, 1, 1174905771994258873018, -1174905771994258873018]
[1034214554680594014004200, 1, 664804795039152134443, -664804795039152134443]
[20700702362756452985329689, 20, 3115173243789662556829, 3115173243789662556829]
[8290838524394374281971495, 8, 11803648589308952862351, 11803648589308952862351]
[11385804014423123179332088, 11, 2131060191158351807015, 2131060191158351807015]
[22415519489664722157602455051, 21660, 32563422507779039447671, 32563422507779039447671]
[2069266511621212508163559, 2, 492207330053824113727, -492207330053824113727]
[13452755921883219170807424, 13, 675751300011988994935, -675751300011988994935]
[1036093982595773909370453, 1, 1214623120140743231810, 1214623120140743231810]
[1033726186327055024208384, 1, 1153173148578141930259, -1153173148578141930259]
[28989472321851730224609375, 28, 12850256534001572727371, 12850256534001572727371]
[3105521031529540779296875, 3, 882953102641280880946, 882953102641280880946]
[11384309662994576015457996, 11, 636708762611187932923, 636708762611187932923]
[50728748257346234130859375, 49, 19659643040208990065868, 19659643040208990065868]
[8282883125599529299436727, 8, 3848249794463970327583, 3848249794463970327583]
[1034737727746160395077120, 1, 141631729472771061523, -141631729472771061523]
[1034849035013395096535040, 1, 30324462238069603603, -30324462238069603603]
[4139981127124045642919865, 4, 463689221512978365293, 463689221512978365293]
[25240405437873067623544899767, 24389, 732739621850334589535640, 732739621850334589535640]
[1034846941537391607713088, 1, 32417938241558425555, -32417938241558425555]
[23803865758372743129374475, 23, 1640490433180308185686, 1640490433180308185686]
[13453452428030201420050250, 13, 20754846970260247891, 20754846970260247891]
[5174557812561969751791872, 5, 161015183803921098657, 161015183803921098657]
[1036002890522583158754865, 1, 1123531046949992616222, 1123531046949992616222]
[13448063099304513280871424, 13, 5368573878717878930935, -5368573878717878930935]
[1036215142390484306250000, 1, 1335782914851140111357, 1335782914851140111357]
[13453613353861120000000000, 13, 181680677888840197641, 181680677888840197641]
[1034828918205648796876800, 1, 50441269984369261843, -50441269984369261843]
[1033166392332066520399872, 1, 1712967143566645738771, -1712967143566645738771]
[1034637750050782445568000, 1, 241609424850720570643, -241609424850720570643]
[373384416036334186249976210, 361, 207032734369386726073913, -207032734369386726073913]
[5177161907775750294562622, 5, 2765110397584463869407, 2765110397584463869407]
[1035498487087063972293750, 1, 619127611430806155107, 619127611430806155107]
[56908531578279206565161058, 55, 9833192880617572464307, -9833192880617572464307]
[1035548850130183158038016, 1, 669490654549991899373, 669490654549991899373]
[299109128049960949618993095, 289, 28993161502964604925268, 28993161502964604925268]
[2079645980784197998046875, 2, 9887261832931665769589, 9887261832931665769589]
[23834513707331964355468750, 23, 32288439392401534279961, 32288439392401534279961]
[1034459681296790072377053, 1, 419678178843093761590, -419678178843093761590]
[9591293815612986206295633431, 9251, 17624861103903786347047038, 17624861103903786347047038]
[1035030985636678149113280, 1, 151626161044982974637, 151626161044982974637]
[17564499830533884505615030, 17, 28449280551879318741901, -28449280551879318741901]
[216057397882754258477604412, 209, 232388247653073245371975, -232388247653073245371975]
[1033089165891154369322325, 1, 1790193584478796816318, -1790193584478796816318]
[26906334373496635275920625, 26, 528972869827043684093, -528972869827043684093]
[1034893390840962670433143, 1, 14031365329504294500, 14031365329504294500]
[17601265673832156640337475, 17, 8316562746392815980544, 8316562746392815980544]
[309462588293793270313062393, 299, 33659810578953637608136, 33659810578953637608136]
[1034401356550717786436715, 1, 478002924915379701928, -478002924915379701928]
[30023119122851328370629964, 29, 11617698057966552609317, 11617698057966552609317]
[3097116604506294839024413, 3, 7521473920604659391516, -7521473920604659391516]
[5173869108139146038857662, 5, 527689239019791835553, -527689239019791835553]
[2069885793162809405857645, 2, 127074211543073580359, 127074211543073580359]
[5173720233985754485751808, 5, 676563392411344941407, -676563392411344941407]
[1034958485776393262159075, 1, 79126300760096020432, 79126300760096020432]
[1059703271530436316769649235, 1024, 13192572612045356321197, -13192572612045356321197]
[16558629961126619880522657, 16, 560209516489222304369, 560209516489222304369]
[491445812982023996440378021, 475, 121882768901757475477404, -121882768901757475477404]
[1036140113007272251978636, 1, 1260753531639085839993, 1260753531639085839993]
[137682948229254206739739210, 133, 43993418994995643299691, 43993418994995643299691]
[1034985737221716276412416, 1, 106377746083110273773, 106377746083110273773]
[7242619931079589269500625, 7, 1535585249842893469876, -1535585249842893469876]
[40358063777490272307200000, 39, 2231242059421172207077, -2231242059421172207077]
[25861690428615536155478356, 25, 10293558275292997987719, -10293558275292997987719]
[1035367331485324266776256, 1, 487972009691100637613, 487972009691100637613]
[1035054205659845646213120, 1, 174846184212480074477, 174846184212480074477]
[3107074331373619431968000, 3, 2436252946719933552071, 2436252946719933552071]
[1035531693786325553532000, 1, 652334310692387393357, 652334310692387393357]
[1034935003585715078246400, 1, 55644110081912107757, 55644110081912107757]
[5112585862171115886871400691, 4940, 281826361488046146504271, 281826361488046146504271]
[19636490617275528369140625, 19, 26217212761501787493592, -26217212761501787493592]
[23803443380360144703515625, 23, 1218112420581882326836, 1218112420581882326836]
[1034829207672623085937500, 1, 50151803010080201143, -50151803010080201143]
[11383502762757098592000000, 11, 170191474866235525073, -170191474866235525073]
[605366755228305740048349859, 585, 37670064939662142756296, -37670064939662142756296]
[3104854703740821682217861, 3, 216625313922183801932, 216625313922183801932]
[23802019610148419969531475, 23, 205657791142851657314, -205657791142851657314]
[174975445777932451650427275, 169, 80834026550446572996608, 80834026550446572996608]
[58989787232750499125000000, 57, 1663742639408655097349, 1663742639408655097349]
[1034869544373779296875000, 1, 9815101853869263643, -9815101853869263643]
[2067104002914949704913935, 2, 2654716036316627363351, -2654716036316627363351]
[1034742153028023222105960, 1, 137206447609944032683, -137206447609944032683]
[1034824914705320488960000, 1, 54444770312677178643, -54444770312677178643]
[34169933346956990537500000, 33, 18914484261096054924781, 18914484261096054924781]
[5180472223431706644686936, 5, 6075426053540813993721, 6075426053540813993721]
[1868022215450042784424888596, 1805, 64971596524919544637981, 64971596524919544637981]
[8277531908244643985925215, 8, 1502967560421343183929, -1502967560421343183929]
[1035160811067118298062500, 1, 281451591485131923857, 281451591485131923857]
[1037145122457367437882368, 1, 2265762981734271743725, 2265762981734271743725]
[17595083547861532843886301, 17, 2134436775769019529370, 2134436775769019529370]
[7244427861783741975559125, 7, 272345454309812588624, 272345454309812588624]
[23826778108047494968981670, 23, 24552840107932147792881, 24552840107932147792881]
[1034671335000236413079418, 1, 208024475396753059225, -208024475396753059225]
[1034793517238440258984542, 1, 85842237192907154101, -85842237192907154101]
[129375199482595932199723389, 125, 15279548141786432393014, 15279548141786432393014]
[25887664658933341301544507, 25, 15680672042512148078432, 15680672042512148078432]
[299176956398967697435246875, 289, 96821510509712421179048, 96821510509712421179048]
[13459999986165477553593750, 13, 6568312982246393791391, 6568312982246393791391]
[1665822367793275946019763052275, 1609699, 21902275291285880444446182, -21902275291285880444446182]
[1034935892656245857379375, 1, 56533180612691240732, 56533180612691240732]
[9321082986506671949004800, 9, 7168751225973453757013, 7168751225973453757013]
[1034316691922363644354560, 1, 562667553269521784083, -562667553269521784083]
[3111204966211275419200000, 3, 6566887784375920784071, 6566887784375920784071]
[11384922383739727728185000, 11, 1249429507762900659927, 1249429507762900659927]
[1034392636710521552793875, 1, 486722765111613344768, -486722765111613344768]
[580382639833243500426385030, 561, 184680832586705777393693, -184680832586705777393693]
[16560513287484413890979875, 16, 2443535874283232761587, 2443535874283232761587]
[1034343296885551248820224, 1, 536062590081917318419, -536062590081917318419]
[354958646806759438357299200, 343, 4973493382737628255349, -4973493382737628255349]
[517438227784708879843238077, 500, 1451953107703226083423, -1451953107703226083423]
[5175177977646314702941184, 5, 781180268148872247969, 781180268148872247969]
[13452306196366499044072050, 13, 1125476816732115730309, -1125476816732115730309]
[3118361828002319335937500, 3, 13723749575419837521571, 13723749575419837521571]
[4140145028521300237359375, 4, 627590618767572804803, 627590618767572804803]
[1034916685494682987446021, 1, 37326019049821307378, 37326019049821307378]
[354026378072919393276466031, 342, 97637132252850457050125, 97637132252850457050125]
[1034970817283846529850368, 1, 91457808213363711725, 91457808213363711725]
[113839045240835081342187909, 110, 2315698515433066937179, 2315698515433066937179]
[1033608832863128976642048, 1, 1270526612504189496595, -1270526612504189496595]
[1035352519321748571127296, 1, 473159846115404988653, 473159846115404988653]
[11383057863067684102842624, 11, 615091164280724682449, -615091164280724682449]
[3104136166345844496401920, 3, 501912081055002014009, -501912081055002014009]
[13443411215377857008914795, 13, 10020457805374150887564, -10020457805374150887564]
[1035258230629657791076320, 1, 378871154024624937677, 378871154024624937677]
[412461650269985198974609375, 399, 455214160792434314709182, -455214160792434314709182]
[354961316166717769668877575, 343, 2304133424406316676974, -2304133424406316676974]
[11383796351072613716132625, 11, 123396840648888607552, 123396840648888607552]
[3451400212062233188641033423, 3335, 77548210996579568659018, 77548210996579568659018]
[1039463516841609600000000, 1, 4584157365976433861357, 4584157365976433861357]
[1034846789677878299614800, 1, 32569797754866523843, -32569797754866523843]
[30005443169511218694969255, 29, 6058255282143123051392, -6058255282143123051392]
[91089548210895996655071009, 88, 20164577040278034870425, 20164577040278034870425]
[2975939856400578969172599713, 2875, 661697908133616524001088, 661697908133616524001088]
[18685048034869769287109375, 18, 57219564308372296613801, 57219564308372296613801]
[1034043875863911129817600, 1, 835483611722036321043, -835483611722036321043]
[9313708942047205154201600, 9, 205293233493341046187, -205293233493341046187]
[28980847696669545923062245, 28, 4225631351817271180241, 4225631351817271180241]
[87968338083501240411383337, 85, 3592528072421289598682, 3592528072421289598682]
[23807015730287588873588085, 23, 4790462348026052399296, 4790462348026052399296]
[1034837737328732202554920, 1, 41622146900963583723, -41622146900963583723]
[26922046156966815256758125, 26, 15182810600352937153407, 15182810600352937153407]
[17611994255426848125960111, 17, 19045144341084301603180, 19045144341084301603180]
[78650827586284776730989939, 76, 3733863343895546929, -3733863343895546929]
[2071737031911894735673285, 2, 1978312960628403395999, 1978312960628403395999]
[23803813087109858247001050, 23, 1587819170295425812261, 1587819170295425812261]
[1034413134957141513479325, 1, 466224518491652659318, -466224518491652659318]
[1035210873750442886026530, 1, 331514274809719887887, 331514274809719887887]
[30009238261143107137907450, 29, 2263163650254680113197, -2263163650254680113197]
[127977166615684958472606339205, 123627, 38136041790857042384321044, 38136041790857042384321044]
[2068477532623996464554991, 2, 1281186327269867722295, -1281186327269867722295]
[299008418921428978883706585, 289, 71715967029006130361242, -71715967029006130361242]
[1035727147737353989847160, 1, 847788261720823708517, 847788261720823708517]
[754427713188318622605903520, 729, 660130582044490832773, 660130582044490832773]
[8280568465124423600694375, 8, 1533589319358271585231, 1533589319358271585231]
[30017710799591878965898296, 29, 6209374798517147877649, 6209374798517147877649]
[5174824076862686026320078, 5, 427279484520195626863, 427279484520195626863]
[5174368227259215459345871, 5, 28570118950371347344, -28570118950371347344]
[78639631208297372430465123, 76, 11200111850748196071745, -11200111850748196071745]
[1034088154629654865763750, 1, 791204845978300374893, -791204845978300374893]
[1034793373120527201493455, 1, 85986355105964645188, -85986355105964645188]
[13453045501104711447377670, 13, 386172078519712424689, -386172078519712424689]
[20695116991909891610090781, 20, 2470197602771712682079, -2470197602771712682079]
[1035197634952184471040000, 1, 318275476551304901357, 318275476551304901357]
[1034902479426446903688000, 1, 23119950813737549357, 23119950813737549357]
[2069790219475298545964661, 2, 31500524032213687375, 31500524032213687375]
[754477180498326324981066125, 729, 50127440589746865995378, 50127440589746865995378]
[5174587166921274685925888, 5, 190369543108855232673, 190369543108855232673]
[2069538892448577346671875, 2, 219826502688985605411, -219826502688985605411]
[1036210979539893550246875, 1, 1331620064260384108232, 1331620064260384108232]
[1035044590646433036402810, 1, 165231170799870264167, 165231170799870264167]
[34151852657498044434765625, 33, 833794802149952190406, 833794802149952190406]
[1034978847655572455437165, 1, 99488179939289298522, 99488179939289298522]
[1034958319118126180022784, 1, 78959642493013884141, 78959642493013884141]
[1034984023118149890053632, 1, 104663642516723914989, 104663642516723914989]
[5170962592693391533223184, 5, 3434204684774297470031, -3434204684774297470031]
[284589860015558335718313678, 275, 1963840240784969813147, -1963840240784969813147]
[1034031548532572052388640, 1, 847810943061113750003, -847810943061113750003]
[1035931837422072303598496, 1, 1052477946439137459853, 1052477946439137459853]
[1034878558067414648532945, 1, 801408218517605698, -801408218517605698]
[1037487536025765930432250, 1, 2608176550132764293607, 2608176550132764293607]
[50704697479541661816406250, 49, 4391134764363324387257, -4391134764363324387257]
[1040823476337429554964480, 1, 5944116861796388825837, 5944116861796388825837]
[5182186414597348715504231, 5, 7789617219182884811016, 7789617219182884811016]
[1034709075893486596078125, 1, 170283582146570060518, -170283582146570060518]
[1034853614056727311301532, 1, 25745418905854837111, -25745418905854837111]
[2542617752334290483787968000, 2457, 80833897340205414677851, -80833897340205414677851]
[5162812679009230274706768, 5, 11584118368935555986447, -11584118368935555986447]
[1035076387917535069527720, 1, 197028441901903389077, 197028441901903389077]
[3104920280179046875000000, 3, 282201752147376584071, 282201752147376584071]
[1033039308688697672194560, 1, 1840050786935493944083, -1840050786935493944083]
[33112357324863080085861897, 32, 3782178357181230574679, -3782178357181230574679]
[3104189042727444467941376, 3, 449035699455030474553, -449035699455030474553]
[681422242874832500699618981111, 658464, 8559682930816408696443241, -8559682930816408696443241]
[17583304690346265459784000, 17, 9644420739498364572931, -9644420739498364572931]
[1034732185478576702873600, 1, 147173997056463265043, -147173997056463265043]
[1037765941462504100000000, 1, 2886581986870933861357, 2886581986870933861357]
[1035276005914821665280000, 1, 396646439188499141357, 396646439188499141357]
[238117885042825888586554887, 230, 95632363430260374666997, 95632363430260374666997]
[1034530860685460973955120, 1, 348498790172192183523, -348498790172192183523]
[67310536065003325786374144, 65, 43377699087169987362349, 43377699087169987362349]
[66253454051027703217947189, 64, 21175044587180585074037, 21175044587180585074037]
[1035237505746895769265948, 1, 358146271262603127305, 358146271262603127305]
[1034784808396600159080000, 1, 94551079033007058643, -94551079033007058643]
[3104600722428395459360000, 3, 37355998504039055929, -37355998504039055929]
[1034858031119531019681280, 1, 21328356102146457363, -21328356102146457363]
[413071544897018991386624000, 399, 154680466241358097305443, 154680466241358097305443]
[309376761236850905261357078, 299, 52167246363411414097179, -52167246363411414097179]
[4137928559951186680444765, 4, 1588877951345984109807, -1588877951345984109807]
[1037454785646855468750000, 1, 2575426171222302611357, 2575426171222302611357]
[34130749464035034179687500, 33, 20269398660860302887719, -20269398660860302887719]
[17594134827213805458554880, 17, 1185716128041634197949, 1185716128041634197949]
[1034877105872695285534620, 1, 2253602937880604023, -2253602937880604023]
[33110788053388856793231717, 32, 5351449831404523204859, -5351449831404523204859]
[11386415097598661555355648, 11, 2742143366696727830575, 2742143366696727830575]
[5174372026922133956664744, 5, 24770456031874028471, -24770456031874028471]
[1035086352207405514798782, 1, 206992731772348660139, 206992731772348660139]
[147852209205561520620932220, 143, 135539199454022136893729, -135539199454022136893729]
[1034903178013800338030592, 1, 23818538167171891949, 23818538167171891949]
[5176168759329082860240896, 5, 1771961950917029547681, 1771961950917029547681]
[1034938812320796027284640, 1, 59452845162861145997, 59452845162861145997]
[58995402504256715590843750, 57, 7279014145625120941099, 7279014145625120941099]
[1433858558597403941650390625, 1386, 484233635823626617768573, -484233635823626617768573]
[29990522112665930691634395, 29, 20979312127431126386252, -20979312127431126386252]
[1034048823091659474151689, 1, 830536383973691986954, -830536383973691986954]
[1034712687756133744947225, 1, 166671719499421191418, -166671719499421191418]
[1034779505921559489899808, 1, 99853554073676238835, -99853554073676238835]
[1034931233117543503616875, 1, 51873641910337478232, 51873641910337478232]
[92508057468108210254887197602, 89375, 15714714973496031245979477, 15714714973496031245979477]
[1034110618119221452488510, 1, 768741356411713650133, -768741356411713650133]
[381866186606122907400479950, 369, 4297040385730904679317, -4297040385730904679317]
[13475803732058255268526450, 13, 22372058875024108724091, 22372058875024108724091]
[19663116139607395960743420, 19, 408309570365804109203, 408309570365804109203]
[1034808341712636283392600, 1, 71017762996882746043, -71017762996882746043]
[13449478528754925871977000, 13, 3953144428305287825359, -3953144428305287825359]
[44498943776871879878814847, 43, 868680580346265146802, -868680580346265146802]
[1037884323565792521278928, 1, 3004964090159355140285, 3004964090159355140285]
[1033280748080335673115813, 1, 1598611395297493022830, -1598611395297493022830]
[25871958415275424248477303, 25, 25571615404904988772, -25571615404904988772]
[19651584800900980647636345, 19, 11123029136049508997872, -11123029136049508997872]
[125330668114997391039562240, 121, 110265618445777936786437, 110265618445777936786437]
[125252268851124739931031243, 121, 31866354573126828255440, 31866354573126828255440]
[1035198877724446345640730, 1, 319518248813179502087, 319518248813179502087]
[1035610443176879882812500, 1, 731083701246716673857, 731083701246716673857]
[1034568707336744658203125, 1, 310652138888507935518, -310652138888507935518]
[25872624845208173875373883, 25, 640858317344721907808, 640858317344721907808]
[7238627452100697967200000, 7, 5528064228734195770501, -5528064228734195770501]
[1035473728541838994935450, 1, 594369066205828796807, 594369066205828796807]
[1035029133371459469372129, 1, 149773895826303233486, 149773895826303233486]
[13444743078088305136047983, 13, 8688595094926023754376, -8688595094926023754376]
[2069443389088665873734451, 2, 315329862600458542835, -315329862600458542835]
[60044818064899839231176865, 58, 21815215313115595135571, 21815215313115595135571]
[30019508358137606311246782, 29, 8006933344244493226135, 8006933344244493226135]
[5174913500076150402604956, 5, 516702697984571911741, 516702697984571911741]
[7098468548660047401604209000, 6859, 231022016679515059256663, 231022016679515059256663]
[2069677994909927507494389, 2, 80724041338824782897, -80724041338824782897]
[862054569733318400941191261, 833, 63290115973547701642, 63290115973547701642]
[8278896637665337801109265, 8, 138238139727527999879, -138238139727527999879]
[1035903777790474319584000, 1, 1024418314841153445357, 1024418314841153445357]
[13452230765579711110757675, 13, 1200907603520049044684, -1200907603520049044684]
[13453430092008020790720000, 13, 1581175210369082359, -1581175210369082359]
[4139517628612813474259505, 4, 190710280809704933, 190710280809704933]
[1794455989353404998779296875, 1734, 24819977342911305110087, -24819977342911305110087]
[7243873619240289990234375, 7, 281897089142172736126, -281897089142172736126]
[21732333511508655599609375, 21, 133037479640889302128, -133037479640889302128]
[11383644755310239420228675, 11, 28198921725407296398, -28198921725407296398]
[1037984391477314889843272037, 1003, 393923254824206213108, 393923254824206213108]
[11383810866495393785897490, 11, 137912263428958372417, 137912263428958372417]
[79685883625014236157609375, 77, 172945390482364933864, 172945390482364933864]
[27941765489771322379190000, 27, 22783929226893446639, 22783929226893446639]
[129359972275564680459583488, 125, 52341110534692253113, 52341110534692253113]
[1495421966597447751085517294, 1445, 21292155157826015178159, 21292155157826015178159]
[1354634719954170562134296875, 1309, 22361599433252341186812, -22361599433252341186812]
[94174280540461891833146725, 91, 258828179273714530212, 258828179273714530212]
[53813633339634076181591269, 52, 93353098848457618167, -93353098848457618167]
[1034889220086021085954532, 1, 9860610387919815889, 9860610387919815889]
[1034878915798302291867150, 1, 443677330874271493, -443677330874271493]
[17592557548556291558400000, 17, 391562529472265956931, -391562529472265956931]
[17593446247678909118671875, 17, 497136593145294314944, 497136593145294314944]
[1034903666909612984097900, 1, 24307433979817959257, 24307433979817959257]
[1514037967461295719218750000, 1463, 9464548444397157915291, 9464548444397157915291]
[36220771273083802446200832, 35, 6308563358368651673, -6308563358368651673]
[2475431020243266379720696875, 2392, 407622448153682937181, -407622448153682937181]
[50708853483656678759732274, 49, 235130649346381061233, -235130649346381061233]
[762706089242935617209079468, 737, 1309393973764899577, 1309393973764899577]
[7098275791686738423717814218, 6859, 38265043370537172861881, 38265043370537172861881]
[27812382391865842381864998162, 26875, 394041798958111032463, -394041798958111032463]
[1034878121382341170320750, 1, 1238093291995817893, -1238093291995817893]
[10348847588271860620063793, 10, 53993515528958677363, 53993515528958677363]
[7244151294113481272252706, 7, 4222215950890717795, -4222215950890717795]
[2069759573075675958471225, 2, 854124409626193939, 854124409626193939]
[93138500808506827302331417, 90, 641544300157650146453, -641544300157650146453]
[9320890052635000000000000, 9, 6975817354301504752213, 6975817354301504752213]
[11384839604820152640000000, 11, 1166650588187812474927, 1166650588187812474927]
[9313447334597427153440000, 9, 466900683271341807787, -466900683271341807787]
[1034871315089663126400000, 1, 8044385970039738643, -8044385970039738643]
[32081121324622338972672000, 31, 138819122289177625933, -138819122289177625933]
[3104629159329436960269125, 3, 8919097462538146804, -8919097462538146804]
[32081319089379844148480000, 31, 58945635215998182067, 58945635215998182067]
[118688284977625782083564453125, 114688, 40998084365525455764741, 40998084365525455764741]
[181103399383188943396204326, 175, 488525046860678058199, -488525046860678058199]
[12418552524817772768853145, 12, 211110174775189429, 211110174775189429]
[54170768656330587610186069974, 52345, 8584578569528658802139, 8584578569528658802139]
[11380211339623296908784228, 11, 3461614608667918740845, -3461614608667918740845]
[1034880341333880600263232, 1, 981858247434124589, 981858247434124589]
[139708712147914581981790208, 135, 1381295895446926597, -1381295895446926597]
[11383668045324405284732928, 11, 4908907559542792145, -4908907559542792145]
[11383662289929020139110400, 11, 10664302944688414673, -10664302944688414673]
[5999194958254543265875200000, 5797, 688625702198230513471, -688625702198230513471]
[14654924643527160514412818356, 14161, 1966007280751276505167, -1966007280751276505167]
[17519472566506030937053619200, 16929, 110056962932507468147, -110056962932507468147]
[17594326693840083256034784, 17, 1377582754319431677853, 1377582754319431677853]
[174896893481429107230951240, 169, 2281730047102153520573, 2281730047102153520573]
[4614540956894909958152111064, 4459, 13892993061670339901927, 13892993061670339901927]
[139708550725600675469321216, 135, 162803609801959395589, -162803609801959395589]
[2379187113400014221095007580, 2299, 534034466427857732677, -534034466427857732677]
[129359918419906568151850176, 125, 1514547577615480199, -1514547577615480199]
[27941742066900339830763520, 27, 638941755654979841, -638941755654979841]
[4139454423745808751816375, 4, 63014156723912738197, -63014156723912738197]
[1034879942279674454631250, 1, 582804041288492607, 582804041288492607]
[13453432533877644000000000, 13, 860694412840197641, 860694412840197641]
[17592965138616418101657600, 17, 16027530654277300669, 16027530654277300669]
[1642353640033672422139765625, 1587, 96545842587477739184, 96545842587477739184]
[2069756447427162703168905, 2, 2271524103629108381, -2271524103629108381]
[1034879852992703841115707, 1, 493517070674977064, 493517070674977064]
[642918755306755645770666725397, 621250, 46767481458692965238353, -46767481458692965238353]
[18093831852876140683883185625, 17484, 1131804170407115151413, 1131804170407115151413]
[79685702457259896703422496, 77, 8222363857089253015, -8222363857089253015]
[25239670506483343459088502144, 24389, 2191767873829866861983, -2191767873829866861983]
[166629144227704021456504340, 161, 13567352127081708182817, 13567352127081708182817]
[315642113592986339453536242, 305, 3908952918223781250127, 3908952918223781250127]
[991802055398589369018127733298, 958375, 450738870566579994251827, -450738870566579994251827]
[7445703952478547561839428093248, 7194755, 506494438461597595675783, 506494438461597595675783]
[1729835243544300295034872577272, 1671525, 8522196792567004977336697, 8522196792567004977336697]
[1034879233908549915401152, 1, 125567083250737491, -125567083250737491]
[54848595016030993626570264, 53, 11036177564178777815, -11036177564178777815]
[383940248445210467912966350, 371, 6079750563275529797, 6079750563275529797]
[754427011408549326484111475, 729, 41649187251630959272, -41649187251630959272]
[1034882619002344670131665, 1, 3259526711503993022, 3259526711503993022]
[7934420243428727141157041250, 7667, 194329047656372065369, 194329047656372065369]
[87964808208610500911667429, 85, 62653181681789882774, 62653181681789882774]
[114798140427915462517308247257, 110929, 7960642951030714717910, 7960642951030714717910]
[2376082779156378845905703175, 2296, 230199674903548621153, -230199674903548621153]
[194557338909036402615728217, 188, 19327617367381663333, 19327617367381663333]
[398429230725771039892490406, 385, 677327652270929112851, 677327652270929112851]
[17593009687549759292653551, 17, 60576463995468296620, 60576463995468296620]
[12328512078001705175558860619, 11913, 5731431512732650793440, -5731431512732650793440]
[9313920230842273453268750, 9, 5995561574958020963, 5995561574958020963]
[251475873859514374315344176, 243, 189506935514943653927, 189506935514943653927]
[6547681998209335285624410886, 6327, 290807004243465216625, 290807004243465216625]
[3604484202379509993413154208, 3483, 606674120324247739361, -606674120324247739361]
[45534756888404111908771425, 44, 65071476252598671133, 65071476252598671133]
[1034879503959223020962500, 1, 144483589854823857, 144483589854823857]
[4449982297605737063111595369, 4300, 1051860514448715430469, 1051860514448715430469]
[54848605635468618734034729, 53, 416739939071313350, -416739939071313350]
[16558039560618569992231561, 16, 30190991560665986727, -30190991560665986727]
[13453386301885194245924400, 13, 45371298036913877959, -45371298036913877959]
[23802239920977519153152000, 23, 14653037956331963211, 14653037956331963211]
[3104637072343740448632832, 3, 1006083159049783097, -1006083159049783097]
[1739632190459866104967690125, 1681, 12818673247311368758, -12818673247311368758]
[375661206235234540732491968, 363, 1254420298575835441, -1254420298575835441]
[27941642174016871067203436, 27, 100531825224418539925, -100531825224418539925]
[105872881330388673232632091939, 102306, 1486420125453462347918819, -1486420125453462347918819]
[35683676690816965327252634360, 34481, 1496737658125626085077, 1496737658125626085077]
[400498312036240473360490625, 387, 80829561935164216, -80829561935164216]
[69337137700213698744981783, 67, 220615346276613692702, 220615346276613692702]
[150057448566090477216989184, 145, 58557876331873114051, -58557876331873114051]
[1574043538287136230172788160, 1521, 7967475301815524087843, -7967475301815524087843]
[1034879283525215871388800, 1, 75950417294749843, -75950417294749843]
[129359894005869819408148032, 125, 25928584326359182343, -25928584326359182343]
[30011500215614683121756400, 29, 1209178678696264247, -1209178678696264247]
[73476547316318682876494700, 71, 112793548728080651047, 112793548728080651047]
[1034880434392062516736725, 1, 1074916429350598082, 1074916429350598082]
[25924763627312733534566525625, 25051, 793088647089627379832, 793088647089627379832]
[578497574779773295413099501, 559, 12832894355541598064, 12832894355541598064]
[63127791358920343024611928, 61, 150430906719890154705, 150430906719890154705]
[5214832396821268750416405802493770, 5039072493, 282914146759168670836846771, 282914146759168670836846771]
[54512269729093244392708681869, 52675, 531285732633644338156, -531285732633644338156]
[1023495662659443461571283200, 989, 23861957739739834727, -23861957739739834727]
[7859907461625972086062478464, 7595, 1273591461810760515121, -1273591461810760515121]
[3881832747141182256133856964, 3751, 269748082249947807071, 269748082249947807071]
[8481803356419885670017484450533, 8195935, 606684037843499034565672, -606684037843499034565672]
[44499853618069807841345105, 43, 41160617581697383456, 41160617581697383456]
[26265238330053734144840265559, 25380, 186562164388241506219, 186562164388241506219]
[505021141762727447548646865, 488, 14338618462472989081, 14338618462472989081]
[34151015310159020207764375, 33, 3552536874274810844, -3552536874274810844]
[9313893685293730207211537, 9, 20549986968288036250, -20549986968288036250]
[5174382024903329313471396, 5, 14772474836517221819, -14772474836517221819]
[9313914979068863575306895, 9, 743788165080059108, 743788165080059108]
[4817363226659751115562265909, 4655, 191699321272813117256, -191699321272813117256]
[9306670184309252912462600724, 8993, 104544883849377784225, 104544883849377784225]
[380835605840791222668583179, 368, 1553758217529562555, 1553758217529562555]
[1940396881237483254037324873, 1875, 1917779328932472630752, -1917779328932472630752]
[123150643791818931855654375, 119, 14218585085155858, 14218585085155858]
[48639453564015371011718750, 47, 123668660612203202529, 123668660612203202529]
[12328547111020318390989083125, 11913, 29301587100482779429066, 29301587100482779429066]
[4143658400026585715250180734375, 4004001, 409806791042397888023732, 409806791042397888023732]
[1762978040272813201500537109375, 1703559, 6476136959373443421062, -6476136959373443421062]
[8356669592191229687087721011, 8075, 18764425491870518178786, 18764425491870518178786]
[22118476635700008337793766474, 21373, 85627300677912549635, 85627300677912549635]
[181103854638569592815158788, 175, 33269666211259103737, -33269666211259103737]
[1684783603021192052341711959, 1628, 5794861257868001155, 5794861257868001155]
[31261636822885831586707111125, 30208, 1131845904903990983381, 1131845904903990983381]
[45534690306831650824990125, 44, 1510096208485110167, -1510096208485110167]
[1034878292086295806637488, 1, 1067389337359501155, -1067389337359501155]
[16632584408919004697423440705, 16072, 3343426628451243170409, 3343426628451243170409]
[24837085180111593420456425, 24, 19447303602566871007, -19447303602566871007]
[28412612798558589785372490456, 27455, 15844918790963953109, -15844918790963953109]
[311498653847167369023518610, 301, 33354998213984212933, -33354998213984212933]
[174894586017686871726112184, 169, 25733695133351318483, -25733695133351318483]
[268033549957097087276365824, 259, 204147091902753542713, -204147091902753542713]
[529857905000095291059691125, 512, 327051428890003294091, -327051428890003294091]
[57953239801685445347603125, 56, 4328950011956160883, -4328950011956160883]
[1034884377610636596650880, 1, 5018135003430512237, 5018135003430512237]
[4636259439971093463409711641, 4480, 90479743120891408999, -90479743120891408999]
[30011490134826358421201120, 29, 11289967003396819527, -11289967003396819527]
[135181117769199515631491575296, 130625, 1437694933304631333421, 1437694933304631333421]
[23803262096062554834725616640, 23001, 1948763516380370688997, 1948763516380370688997]
[497777018849816373362688000, 481, 46942036820450000717, 46942036820450000717]
[340475306889776046787870720, 329, 2377707264871742827, -2377707264871742827]
[23802185513085069770342208, 23, 39754854493050846581, -39754854493050846581]
[9313910767024978553772410, 9, 3468255719941475377, -3468255719941475377]
[69336915439804757536573936, 67, 1645062664594715145, -1645062664594715145]
[76581073004312198594174175, 74, 403115344299914593, 403115344299914593]
[1199425177446184242639205120, 1159, 186074596915482117, -186074596915482117]
[9506774558252523331211030598747, 9186359, 1240419305314754812227910, 1240419305314754812227910]
[73476553702963001160171875, 71, 119180193046364328222, 119180193046364328222]
[1034878856016118220800000, 1, 503459514945338643, -503459514945338643]
[1089728093848218904536547328, 1053, 128320377180592556249, 128320377180592556249]
[3832158944738743946598700000, 3703, 676600474332387304971, 676600474332387304971]
[163259452554294720000000000000, 157757, 10558502741390533903751, -10558502741390533903751]
[27941743564373614557790208, 27, 858531519072046847, 858531519072046847]
[247982956060147608684179734939, 239625, 10454200988751792593936, -10454200988751792593936]
[1737609286061385978426257160725, 1679046, 762948737986646166813853, -762948737986646166813853]
[7244178974503354794004776, 7, 23458173922631034275, 23458173922631034275]
[9313904125649819488735250, 9, 10109630879006512537, -10109630879006512537]
[9888215819363176480197004536687, 9554944, 1492817632213199574435695, 1492817632213199574435695]
[330483544464208842942943272642, 319345, 4587537230497601676193, -4587537230497601676193]
[210080523380709783263183865, 203, 13407156250537039336, 13407156250537039336]
[7926141254384529717013948475, 7659, 240160655297558081738, 240160655297558081738]
[206975861532899956876565043, 200, 10362226676351163557, -10362226676351163557]
[19662658888131350069876898, 19, 48941905680086757319, -48941905680086757319]
[975892473141267995236795410, 943, 1237155745919568055061, 1237155745919568055061]
[101829023411562114854287784375, 98397, 922761761794256270896, -922761761794256270896]
[132464987899568399650128125, 128, 429886687354384381821, 429886687354384381821]
[8279038614652482747785715, 8, 3738847417418676571, 3738847417418676571]
[23114390410485762371281483137216, 22335365, 17814368713000530748872479, -17814368713000530748872479]
[26171061489956222891267580000, 25289, 2631823064247212562827, -2631823064247212562827]
[148857061856768403339577233429, 143840, 14789793328722194824309, 14789793328722194824309]
[50709086585740255210126875, 49, 2028565769930666632, -2028565769930666632]
[42430204169194854188137500, 41, 150430693894376453137, 150430693894376453137]
[4250248734889687685811467900, 4107, 794476737727519938901, -794476737727519938901]
[12750748699326354714409135625, 12321, 111227078474414915222, 111227078474414915222]
[8316290414636747981270544195, 8036, 118109440141819590953, -118109440141819590953]
[8116558772551035448590982800, 7843, 43816355473434394249, -43816355473434394249]
[6878843113044206355255373260, 6647, 10609672699931813239, 10609672699931813239]
[5117478101337005877922603011, 4945, 331270000128632986624, -331270000128632986624]
[35301800903447998493110859715, 34112, 3806984800070210530301, -3806984800070210530301]
[2069758832531270183864561, 2, 113580003851587275, 113580003851587275]
[1661081742680634668907233280000, 1605097, 12575625699162404183371, -12575625699162404183371]
[1034879359957123682660204, 1, 481490516521561, 481490516521561]
[632311197108969033600079443, 611, 91530642830910631430, -91530642830910631430]
[334266046415062717329688600, 323, 13304433204666906911, 13304433204666906911]
[165736571591440556867845007657477, 160150620, 546215030418178325248817, 546215030418178325248817]
[104134735525445362438094735757, 100625, 21790224904606216118, -21790224904606216118]
[97278655229429295338590419, 94, 4561280222278442023, -4561280222278442023]
[12289191849072316587901003369, 11875, 544700827259995382256, -544700827259995382256]
[1633454668819227197134037109375, 1578401, 52943528332067636859532, 52943528332067636859532]
[2069748871890054582652425, 2, 9847061211749624861, -9847061211749624861]
[297009884874974892553612251, 287, 491294531826128178290, -491294531826128178290]
[23802242991374516358690000, 23, 17723434953537501211, 17723434953537501211]
[1267727082757394357482052526, 1225, 132600256271037785149, -132600256271037785149]
[98313538784276913602416002, 95, 365908237180755083, -365908237180755083]
[727520190284446679551216032, 703, 573076563755750003, 573076563755750003]
[2446607089059576066764170030000, 2364147, 155993336343936995597479, 155993336343936995597479]
[421195895124874583701162500, 407, 4181708114917265201, -4181708114917265201]
[61057881078095617421675112, 59, 1130966739380504825, -1130966739380504825]
[404637786597135685537725600, 391, 42957836882422483813, -42957836882422483813]
[12262285822828540052510376420, 11849, 292401762666933595513, 292401762666933595513]
[856880109021761864430976585, 828, 624062397131819819, -624062397131819819]
[422232860939055426025390625, 408, 2082272997094240824281, 2082272997094240824281]
[404637583440494537353515625, 391, 246114478030606693788, -246114478030606693788]
[378765644849145946725014825, 366, 200718935792081728513, -200718935792081728513]
[19662771017790646547802000, 19, 63187753616391167783, 63187753616391167783]
[73948339273118881200243046875, 71456, 237571962319359827333, -237571962319359827333]
[197629709259081407449987632360, 190969, 167140620782654342882707, -167140620782654342882707]
[7638444429839115225994755549, 7381, 122450533173274568434, -122450533173274568434]
[13453403612791506396484375, 13, 28060391724763317984, -28060391724763317984]
[38290529687975037296484375, 37, 6612623389850645416, -6612623389850645416]
[57965615174519581739267967875, 56012, 47508429583162489703841, -47508429583162489703841]
[1034878835912929599398625, 1, 523562703566740018, -523562703566740018]
[4856690064697311401367187500, 4693, 1230678164952678535901, 1230678164952678535901]
[12543772421120930823871537500, 12121, 295083218782894954303, -295083218782894954303]
[30956364529268955444335937500, 29913, 18249274340545630709441, 18249274340545630709441]
[1740666618039017138818359375, 1682, 464598997846626838151, -464598997846626838151]
[461168180714591088625402389588, 445625, 66148262058964869602713, 66148262058964869602713]
[52778847581961921738082450, 51, 248704630265011657, 248704630265011657]
[2971755367502504629331391255325, 2871596, 61650285668019671428903, -61650285668019671428903]
[1470563309820318784683031683, 1421, 259994555944399980020, -259994555944399980020]
[12418551470943544826909652643, 12000, 842764053166754063357, -842764053166754063357]
[38290538634765713788128000, 37, 2334167286640998209, 2334167286640998209]
[8279026279874332166393825, 8, 8595930733162715319, -8595930733162715319]
[119011137196361332332828418, 115, 10856663518226884473, 10856663518226884473]
[79644308079518667547856105697, 76960, 7425726060918173859583, -7425726060918173859583]
[19662703154389527219279600, 19, 4675647502937354617, -4675647502937354617]
[23802224369830361460375552, 23, 898109201360813237, -898109201360813237]
[21526525921629581758585097600, 20801, 365176936269735184557, 365176936269735184557]
[32301689839514913374990991360, 31213, 392201975360305527401, 392201975360305527401]
[74510939836501583609513725, 72, 374045744004352468571, -374045744004352468571]
[120046000247952010914436755, 116, 5451221436357645833, -5451221436357645833]
[1390876159434327389270604287, 1344, 1699700923586019731905, -1699700923586019731905]
[667341012523051991797899717582, 644851, 1977314169531019770359611, -1977314169531019770359611]
[564392165966409758653505093693, 545370, 9689183698836473360783, 9689183698836473360783]
[12262285537225681642726513420, 11849, 6798904257149732513, 6798904257149732513]
[48327827635726684529023648899, 46699, 3572425908696484840558, -3572425908696484840558]
[330126310319968629495210000, 319, 205352758350503017117, -205352758350503017117]
[133499437669220669921875000, 129, 296863991489990053, 296863991489990053]
[545381295308653072099613475, 527, 127135005606455451386, -127135005606455451386]
[174894597004013459589843750, 169, 14747368545487586917, -14747368545487586917]
[5134036501426216932884131250, 4961, 932399204329676673, -932399204329676673]
[1034880013328334960937500, 1, 653852701794798857, 653852701794798857]
[1034878087706706250000000, 1, 1271768926916138643, -1271768926916138643]
[1034879564140013388671875, 1, 204664380222533232, 204664380222533232]
[48639332034595763804895552, 47, 2139241004996379331, 2139241004996379331]
[7459410977913575717395434075, 7208, 554813211855868095331, 554813211855868095331]
[364252553162508145979444498029, 351975, 890611072162327795628104, 890611072162327795628104]
[354963763883905000143750000, 343, 143583762824158195451, 143583762824158195451]
[4876352767522185368533846875, 4712, 1225673001889688561059, 1225673001889688561059]
[19662707848828351163640000, 19, 18791321007005783, 18791321007005783]
[54848645274497218792660320, 53, 39222288660987312241, 39222288660987312241]
[7653967902525434798661478125, 7396, 159843651901900074497, 159843651901900074497]
[1034878159597416461389062, 1, 1199878216704749581, -1199878216704749581]
[238022248825307921416230789, 230, 3854087706795657101, -3854087706795657101]
[1885313224620606513929443812500, 1821771, 19029322805219882015747, 19029322805219882015747]
[9377041813347049798984453125, 9061, 62861662319397791098, -62861662319397791098]
[10834145069496498840885622300, 10469, 6944853904775419831267, -6944853904775419831267]
[1047297681167799643967660625, 1012, 230621541120164646091, -230621541120164646091]
[2412304572305886259080217567, 2331, 785368185348811040734, 785368185348811040734]
[754427178618654784834337890, 729, 125560918206719267143, 125560918206719267143]
[2069758550576919232265625, 2, 168374347100011661, -168374347100011661]
[1034878669738097978625975, 1, 689737535187512668, -689737535187512668]
[66232281962373920444390625, 64, 2955933397811517473, 2955933397811517473]
[174894709817251550227147200, 169, 98065869545149716533, 98065869545149716533]
[69336917683296436424160000, 67, 598429014292870919, 598429014292870919]
[802031516321324527836509184, 775, 12727708824079060859, 12727708824079060859]
[2069758762105578129480411, 2, 43154311797203125, 43154311797203125]
[547451182768679732812500000, 529, 1606069787925157853, 1606069787925157853]
[156424090914460358773797615875, 151152, 5970999454445609449139, 5970999454445609449139]
[33073708782347759009004193792, 31959, 667134001347620697845, -667134001347620697845]
[59114367919451513875315209375, 57122, 10852515603840856356071, -10852515603840856356071]
[7164467206940001758877620400, 6923, 2598709806650300205089, -2598709806650300205089]
[36220717336224874192239918, 35, 60245422286622612587, -60245422286622612587]
[42430048759441492576164045, 41, 4979059467235520318, -4979059467235520318]
[169720222632627727579095225, 164, 7678623888332357773, 7678623888332357773]
[3380950762735065649619861504, 3267, 104671827904155085177, -104671827904155085177]
[193133322214526839106510172767, 186624, 3368253724890947938465, -3368253724890947938465]
[8279037238132773734545625, 8, 2362327708405436481, 2362327708405436481]
[7244158117545386027747900, 7, 2601215953864777399, 2601215953864777399]
[334730518566864886021251881250, 323449, 175376169185933126058457, -175376169185933126058457]
[1178727755121623183136136620, 1139, 164678877006904222243, 164678877006904222243]
[1034879380554300847780500, 1, 21078667681641857, 21078667681641857]
[4139514575424442676825279631, 4000, 2862478089987729292369, -2862478089987729292369]
[19662712439083049961520896, 19, 4609046019804886679, 4609046019804886679]
[1187006631074336542318300452, 1147, 5755785300757276931, 5755785300757276931]
[6468022138462414749297517439, 6250, 26141739707460930998689, 26141739707460930998689]
[524684598246007421409889625, 507, 762991861406177597624, 762991861406177597624]
[1848294068059032239525054175, 1786, 467964448595198562223, -467964448595198562223]
[1646493054298948247593772025, 1591, 6626784119732808988, -6626784119732808988]
[880682259062150364257812500, 851, 75851613460126172693, -75851613460126172693]
[19662716565895307424609375, 19, 8735858277267975158, 8735858277267975158]
[2179455926113072935745703125, 2106, 4942610512142279033, -4942610512142279033]
[1034881087852513127923125, 1, 1728376879961784482, 1728376879961784482]
[3104640993466768742187500, 3, 2915039869243771571, 2915039869243771571]
[40049809738749690832614262601, 38700, 21472957312696951221499, -21472957312696951221499]
[4547260556004484534173890625, 4394, 650468552402160693283, 650468552402160693283]
[39502380177453729062769328125, 38171, 146909335478091186172, 146909335478091186172]
[1034879144756094694195200, 1, 214719538471943443, -214719538471943443]
[1034879049689102578125000, 1, 309786530588013643, -309786530588013643]
[7888884895172893081600000000, 7623, 462109858543874875589, -462109858543874875589]
[153161956238459812065124625, 148, 188963933896523394539, -188963933896523394539]
[1512988325887415282929257399, 1462, 5297665960405965438667, -5297665960405965438667]
[36220754579199276135904542, 35, 23002447884678947963, -23002447884678947963]
[34423192176826157620564599808, 33263, 42588171615294917699, 42588171615294917699]
[39945306475689831541105995136, 38599, 1920710133038679486021, -1920710133038679486021]
[35491186802877481881177882624, 34295, 830339357551546879061, -830339357551546879061]
[6209272919118888496884875, 6, 3237734910499946983, -3237734910499946983]
[528883336111163310083742260765, 511058, 39583734824536740353529, -39583734824536740353529]
[30011524483720015789155603, 29, 23058926653971134956, 23058926653971134956]
[73358529505865949647918991375, 70886, 71230076217033015143677, 71230076217033015143677]
[3104644312965439243624625, 3, 6234538539745208696, 6234538539745208696]
[42430050575100683116496875, 41, 3163400276695187488, -3163400276695187488]
[7244151381927295345364985, 7, 4134402136817605516, -4134402136817605516]
[391184241049628463107085389, 378, 156832160873693321665, -156832160873693321665]
[510195514182280098982189380, 493, 10039207051924161619, -10039207051924161619]
[296301733932723134838847603288684, 286315237, 4858049029150801657885293, 4858049029150801657885293]
[24736720870532988864570442692, 23903, 459013070705641540937, -459013070705641540937]
[9111522741974940858286472739983, 8804429, 897906251416973586290136, 897906251416973586290136]
[11383660095515832376650073, 11, 12858716132450875000, -12858716132450875000]
[174894610943350187785639975, 169, 808031817291790692, -808031817291790692]
[510195616243952891787083472, 493, 92022465740880732473, 92022465740880732473]
[188348056738087183236055625, 182, 13313521946998822599, 13313521946998822599]
[13439978380973421247228515625, 12987, 139463373318585958984, 139463373318585958984]
[38290647886857752681955231, 37, 111586259325534825440, 111586259325534825440]
[507893944643184993990676575625, 490776, 7882828348754182081343, -7882828348754182081343]
[1034874879243946337414675, 1, 4480231686828723968, -4480231686828723968]
[7244149387295447508150625, 7, 6129033984654819876, -6129033984654819876]
[1034880179844201313066000, 1, 820368568146927357, 820368568146927357]
[88593834275058741912841796875, 85608, 117930931262173955153069, -117930931262173955153069]
[23802229494281075318856375, 23, 4226341512497667586, 4226341512497667586]
[22767349437327829105078125, 22, 3528863899450027979, 3528863899450027979]
[870333547292771678234937000, 841, 5973764185512338237, 5973764185512338237]
[5174396997900564432531456, 5, 200522398601838241, 200522398601838241]
[336335786989700719612002304, 325, 4839880059383056671, -4839880059383056671]
[1034879105997715384793088, 1, 253477917781345555, -253477917781345555]

