N indicates the RSA integer, Dim indicates the smooth bound of |u-vN|

The first element in the list represents the value of u, the second is the value of v,the third is the value of |u-vn |, and the fourth is the value of u-vn

N = 5953607126904735149, Dim = 300
[5812839730434923550, 1, 140767396469811599, -140767396469811599]
[5950459432125000000, 1, 3147694779735149, -3147694779735149]
[5623611691080699511, 1, 329995435824035638, -329995435824035638]
[6044985466007460973, 1, 91378339102725824, 91378339102725824]
[6960384788909965875, 1, 1006777662005230726, 1006777662005230726]
[5957814478953211875, 1, 4207352048476726, 4207352048476726]
[6035414276890610151925, 1014, 1543349790791289161, -1543349790791289161]
[5971556743080500000, 1, 17949616175764851, 17949616175764851]
[505871829165115760886, 85, 184776621786726779, -184776621786726779]
[5952513725530211840, 1, 1093401374523309, -1093401374523309]
[12142639570302151911, 2, 235425316492681613, 235425316492681613]
[5948423129664640625, 1, 5183997240094524, -5183997240094524]
[895982062813571582023, 150, 2940993777861309673, 2940993777861309673]
[5954779864093856400, 1, 1172737189121251, 1172737189121251]
[11910339513331452765, 2, 3125259521982467, 3125259521982467]
[4447290320301530163, 2, 7459923933507940135, -7459923933507940135]
[5963233953798800679, 1, 9626826894065530, 9626826894065530]
[53581154839479787520, 9, 1309302662828821, -1309302662828821]
[113209027875241492392, 19, 90492464051524561, 90492464051524561]
[6838149794654803625, 1, 884542667750068476, 884542667750068476]
[77451977962183003872, 13, 55085312421446935, 55085312421446935]
[5941675345300079616, 1, 11931781604655533, -11931781604655533]
[140981324015563281250, 23, 4048360096754372823, 4048360096754372823]
[4284659903864027545, 2, 7622554349945442753, -7622554349945442753]
[55075221010187508732000, 9251, 1598520808196131399, -1598520808196131399]
[53592885312149799616, 9, 10421170007183275, 10421170007183275]
[4953880162774528128, 1, 999726964130207021, -999726964130207021]
[53148791369845225600, 9, 433672772297390741, -433672772297390741]
[2762116456314295080, 1, 3191490670590440069, -3191490670590440069]
[1619641569548587592007, 272, 260431030499631479, 260431030499631479]
[4604378377929687500, 1, 1349228748975047649, -1349228748975047649]
[7924032996670591248000, 1331, 218089239611235319, -218089239611235319]
[287318213078358454525, 49, 4408536139973567776, -4408536139973567776]
[6448952074524960000, 1, 495344947620224851, 495344947620224851]
[5949000580359375000, 1, 4606546545360149, -4606546545360149]
[5827806203252158125, 1, 125800923652577024, -125800923652577024]
[147615539909323386186, 25, 1224638263294992539, -1224638263294992539]
[73623405051081318125, 13, 3773487598680238812, -3773487598680238812]
[29895671832269184799, 5, 127636197745509054, 127636197745509054]
[39310547999801453595, 7, 2364701888531692448, -2364701888531692448]
[5931276323147775600, 1, 22330803756959549, -22330803756959549]
[11785317569329009321, 2, 121896684480460977, -121896684480460977]
[5734071440418750000, 1, 219535686485985149, -219535686485985149]
[6013346681102824492, 1, 59739554198089343, 59739554198089343]
[41716749062945528000, 7, 41499174612381957, 41499174612381957]
[190440284974105560625, 32, 75143086845964143, -75143086845964143]
[9647658069861621145, 3, 8213163310852584302, -8213163310852584302]
[5409971111651678390, 1, 543636015253056759, -543636015253056759]
[136985600351332906173, 23, 52636432523997746, 52636432523997746]
[51159120812169846280, 11, 14330557583782240359, -14330557583782240359]
[65565146246139855900, 11, 75467850187769261, 75467850187769261]
[172653638099414062500, 29, 968580823256821, -968580823256821]
[71431464446422353000, 11, 5941786050470266361, 5941786050470266361]
[103941073812281494140625, 17457, 8954197905532644532, 8954197905532644532]
[4580139571700000000, 1, 1373467555204735149, -1373467555204735149]
[7042976632097656250, 1, 1089369505192921101, 1089369505192921101]
[5015531438485170790, 1, 938075688419564359, -938075688419564359]
[29832403080131231041, 5, 64367445607555296, 64367445607555296]
[91581501592047683125, 9, 37999037449905066784, 37999037449905066784]
[32349977033381284563, 4, 8535548525762343967, 8535548525762343967]
[5698496224450007550, 1, 255110902454727599, -255110902454727599]
[2828180429379853638519, 475, 217044100104442744, 217044100104442744]
[1720731957420498245370, 289, 139497745029787309, 139497745029787309]
[410796351820851582586, 69, 2539935575142695, -2539935575142695]
[1696706347638817275904, 285, 71683529032241561, -71683529032241561]
[262280770739616358210624, 44051, 18423192335870162025, 18423192335870162025]
[41734742219497490603, 7, 59492331164344560, 59492331164344560]
[6276697294260411590, 1, 323090167355676441, 323090167355676441]
[66783388741945057357, 13, 10613503907816499580, -10613503907816499580]
[148837723835437164528, 25, 2454337181214197, -2454337181214197]
[65106833029827993525, 13, 12290059619933563412, -12290059619933563412]
[2389629604813110327444084, 401375, 544251722257014209, 544251722257014209]
[183982718373742932644, 31, 579102560303856975, -579102560303856975]
[458456217773209749600, 77, 28469001545143127, 28469001545143127]
[5754964183477638593750, 961, 33547734522188115561, 33547734522188115561]
[17880621560306640625, 3, 19800179592435178, 19800179592435178]
[17561316629215521799, 3, 299504751498683648, -299504751498683648]
[41800969563980859375, 7, 125719675647713332, 125719675647713332]
[35990811810187609375, 6, 269169048759198481, 269169048759198481]
[138214750532598792625, 21, 13189000867599354496, 13189000867599354496]
[73149740611227760865, 13, 4247152038533796072, -4247152038533796072]
[5810612355947282884, 1, 142994770957452265, -142994770957452265]
[29913299940732195427, 5, 145264306208519682, 145264306208519682]
[666798631026982773363, 112, 5367186347563325, -5367186347563325]
[160661981139719528788, 27, 85411286708320235, -85411286708320235]
[5008721804701481685, 1, 944885322203253464, -944885322203253464]
[15747346900973102529114, 2645, 56050310078060009, 56050310078060009]
[5927777719027776045, 1, 25829407876959104, -25829407876959104]
[5966479071178327317, 1, 12871944273592168, 12871944273592168]
[17174494269672139449595, 2883, 10244922805788015028, 10244922805788015028]
[4910845503909951245, 1, 1042761622994783904, -1042761622994783904]
[132223692704840323482, 11, 66734014308888236843, 66734014308888236843]
[18241592026746703833491, 3135, 422966316099640858624, -422966316099640858624]
[172830903137235327369, 29, 176296456998008048, 176296456998008048]
[404698515877186738207, 68, 146768752335251925, -146768752335251925]
[77412700840587235200, 13, 15808190825678263, 15808190825678263]
[5889683533084423875, 1, 63923593820311274, -63923593820311274]
[5937791177601259200, 1, 15815949303475949, -15815949303475949]
[47614927659239236527, 8, 13929355998644665, -13929355998644665]
[5844525225233974565, 1, 109081901670760584, -109081901670760584]
[936230868126224670200000, 157339, 503723613839453408511, -503723613839453408511]
[137095925702748494625, 23, 162961783939586198, 162961783939586198]
[6901025721230365992, 1, 947418594325630843, 947418594325630843]
[291763046127034780320, 49, 36296908702758019, 36296908702758019]
[40263782445276555560593, 6760, 17398267400545953353, 17398267400545953353]
[4302587076107558693, 1, 1651020050797176456, -1651020050797176456]
[5923347230326695715, 1, 30259896578039434, -30259896578039434]
[47600333055851150575, 8, 28523959386730617, -28523959386730617]
[5806124742450050304, 1, 147482384454684845, -147482384454684845]
[190011358305825156425, 32, 504069755126368343, -504069755126368343]
[184367924494706981875, 31, 193896439339807744, -193896439339807744]
[7342208164902923598, 1, 1388601037998188449, 1388601037998188449]
[3141703010044737515520, 527, 4152054165942091997, 4152054165942091997]
[33273191224480000368640, 5589, 1519007790564379121, -1519007790564379121]
[10237982805313861508439165, 1719652, 149597682120100008983, -149597682120100008983]
[16884735442914294016149, 2821, 89609737916036160820, 89609737916036160820]
[5986939786452628925, 1, 33332659547893776, 33332659547893776]
[42658872067445586875, 7, 983622179112440832, 983622179112440832]
[113114084109272064000, 19, 4451301917903831, -4451301917903831]
[92715325295292137139, 14, 9364825518625845053, 9364825518625845053]
[8663087565038628161, 1, 2709480438133893012, 2709480438133893012]
[64591494761631948110, 9, 11009030619489331769, 11009030619489331769]
[5907637598971635065, 1, 45969527933100084, -45969527933100084]
[6044576524136718750, 1, 90969397231983601, 90969397231983601]
[7871705037449009453125, 1323, 4917191445955149002, -4917191445955149002]
[5856338097120965454, 1, 97269029783769695, -97269029783769695]
[6799852572326826320, 1, 846245445422091171, 846245445422091171]
[5960872187060510720, 1, 7265060155775571, 7265060155775571]
[9539170672438331925, 2, 2368043581371138373, -2368043581371138373]
[336424762674129377451, 55, 8976370694368944256, 8976370694368944256]
[77452395140490587875, 13, 55502490729030938, 55502490729030938]
[75976706836739255859375, 12716, 270638611018643704691, 270638611018643704691]
[61740122758526815625, 12, 9703162764330006163, -9703162764330006163]
[65291516463922956375, 11, 198161932029130264, -198161932029130264]
[78042207179496687500, 13, 645314529735130563, 645314529735130563]
[200819974367580160005, 34, 1602667947180835061, -1602667947180835061]
[184639745794665157920, 31, 77924860618368301, 77924860618368301]
[3538951750694140625, 1, 2414655376210594524, -2414655376210594524]
[780816596682454938125, 132, 5059544068970101543, -5059544068970101543]
[41475105891694921875, 7, 200143996638224168, -200143996638224168]
[89736453331710579303, 19, 23382082079479388528, -23382082079479388528]
[13486120804619531250, 1, 7532513677714796101, 7532513677714796101]
[5959955525261863125, 1, 6348398357127976, 6348398357127976]
[7287224026577534975, 1, 1333616899672799826, 1333616899672799826]
[4699501341355200380, 1, 1254105785549534769, -1254105785549534769]
[1018165553403137097728, 171, 98734702427387249, 98734702427387249]
[196908303539229900800, 33, 439268351373640883, 439268351373640883]
[580913979391039980765625, 97336, 1413676086640680302561, 1413676086640680302561]
[16979334903309606953125, 2852, 352622622697691823, -352622622697691823]
[664617735055244140625, 114, 14093477411895666361, -14093477411895666361]
[3506882516418045854375, 589, 207918671156851614, 207918671156851614]
[5145585776518786830, 1, 808021350385948319, -808021350385948319]
[35034033517502134140630, 5887, 14851638586041681533, -14851638586041681533]
[716475419468032932890, 121, 3911042887440020139, -3911042887440020139]
[6454335047160000000, 1, 500727920255264851, 500727920255264851]
[2244559119528000000000, 377, 49232684914848827, 49232684914848827]
[5000383536843283875, 1, 953223590061451274, -953223590061451274]
[46967243786434010754000, 7889, 762837717444836461, -762837717444836461]
[291570952175014519233, 49, 155797043317503068, -155797043317503068]
[29230851260616177493750, 4913, 19220553866786293287, -19220553866786293287]
[1718992847877409412, 1, 4234614279027325737, -4234614279027325737]
[6844252947742031250, 1, 890645820837296101, 890645820837296101]
[5896711997758609664, 1, 56895129146125485, -56895129146125485]
[2061154801877576104315, 338, 48835592983775623953, 48835592983775623953]
[5959761954295492161, 1, 6154827390757012, 6154827390757012]
[446730944582039110721, 75, 210410064183974546, 210410064183974546]
[591586452378147330, 1, 5362020674526587819, -5362020674526587819]
[4220189817689585250, 1, 1733417309215149899, -1733417309215149899]
[1244238882376940336250, 209, 65007146149309891, -65007146149309891]
[42740635272171353088, 7, 1065385383838207045, 1065385383838207045]
[113552312050637291520, 19, 433776639447323689, 433776639447323689]
[99957719638843422720, 17, 1253601518537074813, -1253601518537074813]
[16341434352232748781, 2, 4434220098423278483, 4434220098423278483]
[85595059237321938997, 15, 3709047666249088238, -3709047666249088238]
[6529666794002095744, 1, 576059667097360595, 576059667097360595]
[28318340401745659265, 4, 4503911894126718669, 4503911894126718669]
[6375923975421486330, 1, 422316848516751181, 422316848516751181]
[159434742808087798051, 24, 16548171762374154475, 16548171762374154475]
[78810813431581218512, 13, 1413920781819661575, 1413920781819661575]
[356378491180757147011, 60, 837936433526961929, -837936433526961929]
[21113375797244609375, 1, 15159768670339874226, 15159768670339874226]
[3376707902052463827200, 567, 1012661097478997717, 1012661097478997717]
[292580642738329887552, 49, 853893519997865251, 853893519997865251]
[12055396173462533317657, 2040, 89962365423126386303, -89962365423126386303]
[6177863739479652000, 1, 224256612574916851, 224256612574916851]
[1078852422035437437313835, 181203, 40949818918714109588, 40949818918714109588]
[3979758980759424698745, 667, 8703027113966354362, 8703027113966354362]
[700266814643374843750, 121, 20119647712098109279, -20119647712098109279]
[294335914916321287460, 49, 2609165697989265159, 2609165697989265159]
[8196845180249213950, 1, 2243238053344478801, 2243238053344478801]
[523996466120726484375, 88, 79038953109791263, 79038953109791263]
[68513246655466450383, 11, 3023568259514363744, 3023568259514363744]
[17590018073535718241, 5, 12178017560987957504, -12178017560987957504]
[5513866961235163440, 1, 439740165669571709, -439740165669571709]
[5952516807557120000, 1, 1090319347615149, -1090319347615149]
[42008526869083910331625, 7047, 53457445786241736622, 53457445786241736622]
[6042811780167690528, 1, 89204653262955379, 89204653262955379]
[5755864083642472800, 1, 197743043262262349, -197743043262262349]
[21960900170400205086336, 3689, 1956520751362878325, -1956520751362878325]
[5504264268925223646, 1, 449342857979511503, -449342857979511503]
[8763091499321965658853, 1472, 618191481804480475, -618191481804480475]
[76803686724640885625, 13, 593205925120671312, -593205925120671312]
[48986252293514276435625, 8228, 27146657884370347, -27146657884370347]
[9900288890824397734375, 1716, 316100938944127781309, -316100938944127781309]
[7082691706234921875, 1, 1129084579330186726, 1129084579330186726]
[7494931019820590346, 1, 1541323892915855197, 1541323892915855197]
[3375946589669002058996, 567, 251348714017229513, 251348714017229513]
[6988991725361226152, 1, 1035384598456491003, 1035384598456491003]
[5006978321262293376000, 841, 5272464588884309, -5272464588884309]
[5958656493451200000, 1, 5049366546464851, 5049366546464851]
[924744944864450325, 1, 5028862182040284824, -5028862182040284824]
[25020417089018991612500, 4199, 21220763146008721849, 21220763146008721849]
[4046099519700663425, 1, 1907507607204071724, -1907507607204071724]
[965879401507880234375, 162, 1395046949313140237, 1395046949313140237]
[9815127465615175935, 1, 3861520338710440786, 3861520338710440786]
[2369350604289331949, 1, 3584256522615403200, -3584256522615403200]
[43677185209095402107, 7, 2001935320762256064, 2001935320762256064]
[6993521499894980349, 1, 1039914372990245200, 1039914372990245200]
[136569707966844331740, 23, 363255951964576687, -363255951964576687]
[1054663680818620926112675, 177147, 39108827808672772, 39108827808672772]
[15780059911694376848, 3, 2080761469019828599, -2080761469019828599]
[594474139789492267019, 100, 886572900981247881, -886572900981247881]
[7367838304644422912, 1, 1414231177739687763, 1414231177739687763]
[19251176191406250000, 1, 13297569064501514851, 13297569064501514851]
[8471154453125000000, 1, 2517547326220264851, 2517547326220264851]
[113073326287850044375, 19, 45209123339923456, -45209123339923456]
[2085136920752270067, 1, 3868470206152465082, -3868470206152465082]
[12542864473519280901, 2, 635650219709810603, 635650219709810603]
[92340413326442032245, 16, 2917300704033730139, -2917300704033730139]
[7676780587629906060, 1, 1723173460725170911, 1723173460725170911]
[3331506043788760530, 1, 2622101083115974619, -2622101083115974619]
[591381373585739318725, 98, 7927875149075274123, 7927875149075274123]
[18594327093486189045, 1, 12640719966581453896, 12640719966581453896]
[4404396436706907487616, 741, 7226444329501257793, -7226444329501257793]
[11760963436062539853, 2, 146250817746930445, -146250817746930445]
[75822142867942591032, 13, 1574749781818965905, -1574749781818965905]
[51918781287570527076340, 8619, 604641460778614827109, 604641460778614827109]
[3334967443174309250, 1, 2618639683730425899, -2618639683730425899]
[8970745360485798890, 1, 3017138233581063741, 3017138233581063741]
[110336658417073574893, 21, 14689091247925863236, -14689091247925863236]
[143070635369440103325, 23, 6137671450631194898, 6137671450631194898]
[44588372624983801363750, 7569, 474479718558138979031, -474479718558138979031]
[18286389503491244863, 2, 6379175249681774565, 6379175249681774565]
[44045522996881861949, 5, 14277487362358186204, 14277487362358186204]
[5185177300056162640, 1, 768429826848572509, -768429826848572509]
[83807959077308435200, 13, 6411066427546878263, 6411066427546878263]
[19862436182343164795, 3, 2001614801628959348, 2001614801628959348]
[35115612973903012023, 5, 5347577339379336278, 5347577339379336278]
[578076212071504683267, 98, 5377286365159361335, -5377286365159361335]
[5068409450769843750, 1, 885197676134891399, -885197676134891399]
[8685792820184326171875, 1456, 17340843411031794931, 17340843411031794931]
[6220451051270738464, 1, 266843924366003315, 266843924366003315]
[6234397444409062500, 1, 280790317504327351, 280790317504327351]
[717692566105418978529, 121, 2693896250053974500, -2693896250053974500]
[15489039166237656250, 3, 2371782214476549197, -2371782214476549197]
[6019264352112979968, 1, 65657225208244819, 65657225208244819]
[1248232551107444038500, 209, 3928661584354392359, 3928661584354392359]
[377074252928664021025, 66, 15863817447048498809, -15863817447048498809]
[837812346005618445, 1, 5115794780899116704, -5115794780899116704]
[2365617141487738138, 1, 3587989985416997011, -3587989985416997011]
[4430142648721848960, 1, 1523464478182886189, -1523464478182886189]
[7632678225819508752, 1, 1679071098914773603, 1679071098914773603]
[4670620742615741375, 1, 1282986384288993774, -1282986384288993774]
[76791181036031040425, 13, 605711613730516512, -605711613730516512]
[5944780963148227200, 1, 8826163756507949, -8826163756507949]
[8019209224141945830, 1, 2065602097237210681, 2065602097237210681]
[5881548030606248000, 1, 72059096298487149, -72059096298487149]
[17828492110000000000, 3, 32329270714205447, -32329270714205447]
[5963759461632000000, 1, 10152334727264851, 10152334727264851]
[5912686206105934640, 1, 40920920798800509, -40920920798800509]
[5061544977164878125, 1, 892062149739857024, -892062149739857024]
[762883974644401871625, 128, 822262400595772553, 822262400595772553]
[59220618655384418918400, 9947, 88564063018391297, 88564063018391297]
[68556812661543431862, 11, 3067134265591345223, 3067134265591345223]
[17116383699218767122432, 2875, 236790632346430943, -236790632346430943]
[4557145854589858530, 1, 1396461272314876619, -1396461272314876619]
[43445286654027802632, 7, 1770036765694656589, 1770036765694656589]
[67480621639219751011, 13, 9916271010541805926, -9916271010541805926]
[9375815121926400000000, 1573, 10791111305251610623, 10791111305251610623]
[4309296464397925000, 1, 1644310662506810149, -1644310662506810149]
[5348547633000000000, 1, 605059493904735149, -605059493904735149]
[10971977587054566225, 2, 935236666754904073, -935236666754904073]
[65543956948207861760, 11, 54278552255775121, 54278552255775121]
[139097923085224430019, 25, 9742255087393948706, -9742255087393948706]
[42549254397789871875, 7, 874004509456725832, 874004509456725832]
[7285277114174295808, 1, 1331669987269560659, 1331669987269560659]
[1333242307159538720, 1, 4620364819745196429, -4620364819745196429]
[18930644185450840340, 3, 1069822804736634893, 1069822804736634893]
[52859927342722332976, 9, 722536799420283365, -722536799420283365]
[156527463293160644881, 26, 1733677993637531007, 1733677993637531007]
[5907002718780466875, 1, 46604408124268274, -46604408124268274]
[29238428549226788892, 5, 529607085296886853, -529607085296886853]
[77059021738379788800, 13, 337870911381768137, -337870911381768137]
[5959997512471641600, 1, 6390385566906451, 6390385566906451]
[507665744991932648275, 81, 25423567712649101206, 25423567712649101206]
[9286276381145115625, 1, 3332669254240380476, 3332669254240380476]
[206145145843505859375, 34, 3722503528744864309, 3722503528744864309]
[5836522039987516416, 1, 117085086917218733, -117085086917218733]
[12674917738586254880575, 2116, 77085058055835305291, 77085058055835305291]
[3808973120532247040009, 640, 1335440686783455351, -1335440686783455351]
[760624065257451064747, 128, 1437646986355034325, -1437646986355034325]
[20341459391684091843, 2, 8434245137874621545, 8434245137874621545]
[3408163537811519949, 1, 2545443589093215200, -2545443589093215200]
[12935068964008923090944, 2175, 14026537008875858131, -14026537008875858131]
[136091247857583046875, 23, 841716061225861552, -841716061225861552]
[35313764451435434944, 3, 17452943070721229497, 17452943070721229497]
[17828052219576015872, 3, 32769161138189575, -32769161138189575]
[5197073629785305625, 1, 756533497119429524, -756533497119429524]
[180192044161035156250, 29, 7537437480797836929, 7537437480797836929]
[24769179656279296875, 4, 954751148660356279, 954751148660356279]
[5907316212567828000, 1, 46290914336907149, -46290914336907149]
[14094132883970889750, 1, 8140525757066154601, 8140525757066154601]
[5427058837642748124, 1, 526548289261987025, -526548289261987025]
[4529946748804756974005311, 761515, 3814382440102412985424, -3814382440102412985424]
[10279585579683777357, 1, 4325978452779042208, 4325978452779042208]
[4957395359889189878375, 833, 1959376822454500742, -1959376822454500742]
[27346578653899864975, 3, 9485757273185659528, 9485757273185659528]
[6414637798442688309, 1, 461030671537953160, 461030671537953160]
[8980109968072847175, 1, 3026502841168112026, 3026502841168112026]
[7069458383038691850, 1, 1115851256133956701, 1115851256133956701]
[17060268761692741200, 1, 11106661634788006051, 11106661634788006051]
